10000
50 38
360 253
112 185
354 172
403 187
217 216
349 334
98 276
42 253
368 411
262 218
433 468
139 49
478 420
458 489
409 282
418 256
288 298
249 427
273 297
397 83
271 431
65 330
319 171
164 466
86 48
453 337
26 371
221 443
144 42
459 418
186 103
74 91
55 374
5 71
461 288
37 496
95 100
389 385
282 43
28 87
282 263
320 306
330 254
355 312
67 251
125 398
115 363
388 202
402 429
491 239
60 462
440 413
5 184
484 49
83 343
289 179
426 420
477 163
220 175
287 111
144 342
153 9
402 392
69 179
61 371
370 262
229 424
69 8
490 23
232 396
234 45
367 456
3 18
296 387
491 118
77 140
396 261
361 167
204 272
272 271
37 132
156 231
269 146
91 156
424 493
368 175
469 247
411 68
136 397
300 51
99 106
372 211
343 89
55 239
263 469
183 58
391 474
157 88
110 170
109 77
384 45
149 342
81 425
29 200
363 20
2 493
307 492
141 417
465 391
377 60
162 147
354 162
121 487
282 118
413 139
480 22
22 421
150 278
129 323
383 346
238 317
95 18
424 273
474 414
158 69
116 235
287 290
313 82
15 220
369 28
5 99
381 194
426 133
219 447
429 86
332 40
26 282
227 465
308 351
123 389
156 61
306 406
78 493
396 239
24 373
279 88
257 325
9 182
384 244
318 294
169 494
251 23
183 356
47 34
65 111
465 460
196 85
289 189
77 413
212 248
375 156
146 12
274 167
338 20
210 337
316 311
428 124
390 374
64 132
85 442
495 83
128 363
395 325
352 166
406 499
148 34
206 497
147 303
236 84
94 460
124 52
472 495
362 345
209 78
139 193
380 414
43 160
330 143
92 120
108 22
274 346
418 405
497 379
362 235
266 139
385 15
50 478
220 149
113 66
201 223
135 145
338 46
82 342
278 147
304 282
222 212
3 368
252 43
118 169
286 110
17 342
406 21
366 136
204 453
378 422
366 406
433 281
195 411
430 197
479 174
17 28
5 303
419 210
330 168
149 318
388 462
468 478
284 399
176 122
161 325
408 481
220 54
295 136
34 79
134 192
427 497
413 178
112 371
208 374
166 172
393 255
372 218
103 424
393 74
74 489
92 22
347 168
18 358
164 196
276 474
84 188
63 151
461 51
263 404
310 241
107 264
169 180
500 223
306 399
331 208
492 145
357 24
86 199
433 65
322 154
367 65
297 427
271 398
208 267
354 69
45 360
492 297
230 199
355 260
61 271
322 458
340 381
54 392
88 471
152 207
187 167
183 103
479 255
225 152
89 193
104 42
98 472
187 449
251 209
27 179
77 236
2 10
318 418
34 453
63 83
133 4
403 10
390 72
343 366
327 348
242 46
23 233
223 268
101 470
192 201
498 466
131 332
119 113
458 346
220 499
194 52
356 347
284 255
472 81
59 77
224 29
215 213
49 16
266 167
238 145
135 69
281 199
389 444
248 66
70 373
81 62
109 451
266 364
61 407
499 103
460 114
464 407
192 71
18 152
86 78
136 96
188 230
408 21
69 188
141 99
348 75
255 385
93 178
379 417
278 298
153 229
231 447
109 473
297 79
200 42
75 189
402 334
265 256
210 412
329 376
371 327
55 317
191 17
267 443
208 368
192 360
28 413
230 309
90 427
232 420
28 2
452 31
213 401
335 398
345 217
378 160
278 123
43 168
430 144
206 224
293 77
470 459
407 230
27 353
323 83
331 248
320 285
276 452
421 350
324 193
277 280
132 452
458 332
218 210
18 284
142 299
343 21
370 207
104 436
136 361
48 55
423 203
340 261
409 445
104 431
407 59
264 305
294 38
145 373
41 303
214 402
222 72
241 217
194 205
199 338
122 341
265 433
427 337
345 356
227 308
20 388
319 64
354 176
82 9
230 261
111 485
472 140
89 373
200 132
47 1
347 272
185 472
412 58
479 86
85 206
371 267
225 470
296 400
46 323
288 441
439 231
301 220
267 349
433 67
207 489
193 342
208 414
373 491
482 182
414 89
334 154
305 495
356 37
2 385
109 281
466 374
454 244
99 365
423 58
421 15
461 27
414 280
157 198
153 141
490 31
377 163
101 411
307 265
155 189
3 221
78 359
384 175
25 460
222 499
490 484
296 89
263 307
494 159
192 366
76 101
112 2
232 230
385 363
378 352
164 105
498 99
215 273
418 321
246 139
432 86
332 496
379 334
150 35
455 250
184 410
240 416
402 381
342 216
295 404
8 428
22 140
459 222
21 384
405 200
364 399
485 62
424 422
485 158
498 76
363 332
74 261
424 311
123 167
423 1
279 330
226 247
291 319
48 342
182 147
227 10
355 153
59 493
437 70
477 5
315 92
109 365
324 110
42 84
376 134
161 284
97 198
159 166
27 246
100 378
51 281
20 466
221 95
413 271
71 26
149 22
375 38
418 243
423 499
121 140
476 321
334 194
441 184
95 127
460 11
44 326
485 253
6 46
115 431
118 105
471 435
142 377
27 321
423 246
187 19
104 215
198 106
129 365
163 62
478 376
165 116
395 336
238 397
255 230
345 5
31 334
447 379
268 459
390 433
234 364
100 415
461 122
412 115
84 422
260 144
322 323
236 368
448 450
455 186
494 163
69 470
176 470
309 268
11 122
83 229
454 119
434 76
95 163
256 426
333 224
264 474
65 180
493 114
392 92
163 192
22 425
390 36
314 454
120 322
145 203
384 319
80 345
117 109
179 256
301 450
403 316
97 331
123 108
137 244
179 136
402 269
234 357
257 102
1 45
220 353
221 134
339 122
95 128
27 400
320 476
321 317
264 82
353 16
412 294
12 445
112 416
389 323
401 133
55 170
97 263
335 222
287 79
306 288
178 475
408 483
214 457
297 337
368 381
401 164
453 216
54 256
128 359
265 432
89 55
453 446
214 219
91 88
68 321
68 397
347 63
50 196
55 204
177 164
69 227
449 420
385 116
95 292
371 485
227 260
6 451
251 341
393 13
221 84
210 306
393 189
375 500
213 161
181 55
89 346
121 319
98 49
102 364
465 8
377 237
378 57
175 407
76 34
18 434
478 362
415 460
217 365
132 28
309 471
160 387
167 11
36 83
497 113
35 240
202 368
69 118
246 85
223 431
78 459
187 305
184 195
88 78
282 421
167 6
399 409
207 28
47 364
337 467
496 261
327 375
45 258
287 404
190 333
70 497
297 186
367 224
378 252
493 494
270 42
328 494
386 145
101 33
359 337
132 44
158 175
68 262
60 188
250 119
152 108
260 74
358 65
104 435
261 490
274 52
154 118
342 352
395 84
116 349
5 435
193 364
87 321
342 418
45 78
397 413
273 147
403 165
225 487
59 463
68 87
395 242
316 35
309 318
399 49
76 467
180 247
304 499
471 437
111 227
37 214
262 253
269 494
32 474
421 335
426 312
43 274
99 198
139 215
69 262
183 77
179 270
84 351
52 120
15 353
61 357
415 487
93 365
245 382
65 483
299 31
128 175
362 28
141 196
468 322
37 70
274 78
428 129
203 496
428 268
314 449
208 75
194 235
56 36
405 376
362 105
363 452
443 443
407 219
367 432
312 500
80 46
31 477
263 310
167 469
135 496
11 253
364 317
156 485
493 240
343 184
252 195
69 411
185 368
194 10
389 173
267 188
72 431
429 288
426 250
262 487
335 447
220 107
266 48
255 377
177 340
208 420
321 50
69 414
240 208
230 271
306 307
245 152
302 113
400 460
121 297
201 443
299 429
204 308
39 205
292 406
444 69
313 442
183 423
15 370
293 474
47 289
78 279
32 185
43 43
199 120
455 280
440 268
123 36
295 71
269 463
384 155
110 385
268 204
172 278
233 147
192 145
377 270
45 188
156 89
434 445
413 411
167 119
266 245
497 199
117 84
407 292
475 197
288 96
256 398
461 393
58 55
385 361
30 463
369 67
202 416
231 177
289 17
428 92
43 140
26 156
365 299
265 353
156 238
30 138
30 326
400 266
420 39
315 374
312 77
95 307
447 91
277 382
369 4
360 293
202 490
339 376
109 248
333 432
338 221
37 398
82 240
422 154
76 191
233 437
214 296
39 192
317 188
478 248
141 214
5 169
121 71
447 408
246 444
493 282
258 274
32 256
67 223
146 175
197 157
494 116
370 94
385 166
365 490
140 480
84 77
32 61
249 189
59 292
229 482
271 292
411 297
24 278
497 256
258 286
420 33
198 193
243 385
329 480
449 123
277 341
377 334
330 313
440 425
27 153
344 67
395 490
459 40
222 345
236 367
142 422
337 295
98 298
428 157
56 372
426 458
382 222
97 259
73 467
283 155
329 313
237 425
53 192
201 73
72 121
35 197
197 386
21 388
17 34
50 228
489 452
488 79
81 492
154 279
452 363
360 5
148 160
10 336
193 243
245 21
148 227
211 477
108 79
323 403
183 286
295 444
487 371
144 46
414 344
419 250
122 9
89 409
238 106
53 427
56 98
475 93
463 74
344 75
402 295
127 476
141 286
282 196
279 6
404 260
96 311
160 298
75 437
292 405
167 325
290 70
402 361
269 273
105 260
202 176
282 332
456 299
375 476
83 130
385 338
489 63
186 266
24 436
490 234
183 227
158 218
77 325
396 171
327 34
196 457
334 223
294 134
345 165
115 446
37 379
110 1
43 189
495 37
125 372
151 61
10 446
200 438
101 94
475 178
223 143
334 61
134 78
390 130
332 155
190 258
456 454
245 451
242 377
310 38
115 454
500 127
390 195
151 388
35 315
383 162
500 473
27 118
415 26
292 338
183 33
323 24
223 296
234 335
140 215
178 8
120 441
388 285
322 242
171 410
26 233
79 429
442 208
267 463
380 173
251 389
445 204
234 71
456 149
137 363
497 181
252 306
281 261
78 90
306 132
323 196
244 113
257 384
39 127
161 255
22 379
142 235
52 204
13 478
454 428
30 111
48 334
493 309
177 413
399 238
314 403
280 330
61 484
355 341
160 328
255 381
407 340
310 52
395 407
324 425
22 361
438 199
396 108
421 337
485 93
284 213
474 258
178 280
446 219
62 310
176 39
358 416
49 255
494 272
15 129
184 179
162 354
245 49
187 256
323 478
313 137
237 475
106 495
303 408
320 481
246 491
69 108
247 467
111 12
450 28
420 169
228 190
306 15
144 386
424 116
492 159
328 465
229 75
17 177
192 322
145 461
129 424
126 156
261 174
43 218
419 236
198 141
390 146
413 226
48 371
498 346
231 137
188 418
226 137
474 337
196 50
87 80
339 16
13 485
131 437
311 20
239 221
108 202
421 74
153 249
281 105
296 224
263 405
196 349
381 458
284 247
278 295
52 50
359 445
449 88
301 171
75 441
168 79
499 333
214 425
32 6
157 140
406 28
258 88
157 280
145 367
158 416
43 443
149 335
378 339
465 436
473 424
19 284
404 116
296 480
301 61
334 144
118 181
197 223
394 234
311 403
451 167
292 417
234 59
214 191
434 246
192 192
411 6
218 75
38 387
158 252
17 205
293 125
323 2
328 30
442 301
22 200
314 335
40 107
434 134
335 210
219 500
83 107
58 252
418 489
298 316
384 89
261 160
212 382
368 379
10 239
34 173
113 476
497 340
121 495
90 225
470 77
438 355
423 105
211 239
210 237
221 270
298 404
24 185
146 219
317 452
128 169
355 238
472 340
240 422
239 242
338 306
448 253
32 208
385 278
292 271
419 147
232 156
227 402
245 179
217 81
400 41
251 182
257 356
132 382
375 59
216 228
437 37
107 103
189 62
61 257
243 196
424 90
169 62
432 72
121 93
163 199
240 17
317 258
270 157
206 306
499 42
226 249
159 382
233 199
155 295
51 283
68 62
358 135
154 370
236 241
325 2
57 206
234 173
3 389
237 374
397 302
324 14
343 313
315 331
367 85
165 53
49 148
221 410
467 163
85 279
136 247
213 130
242 184
302 451
489 420
141 452
210 26
65 321
28 96
359 426
402 445
124 419
285 209
300 222
256 209
50 333
470 37
314 185
275 468
164 453
89 36
336 482
367 199
486 438
495 100
340 77
281 331
139 76
226 401
72 156
402 131
325 245
161 40
179 447
489 260
31 436
434 459
454 201
477 465
218 433
249 342
98 211
52 86
428 370
299 71
171 102
98 237
286 398
434 44
482 432
341 499
197 357
165 120
201 161
91 80
340 20
362 70
401 200
214 310
113 237
143 110
403 179
288 31
227 429
258 95
281 137
400 332
286 231
175 166
261 211
457 194
267 142
240 424
197 181
476 284
244 380
182 425
249 26
224 101
166 177
98 313
70 282
51 410
107 367
141 456
414 409
358 209
119 381
244 459
374 119
180 120
180 61
102 161
279 246
388 64
86 356
85 118
395 374
59 234
215 442
430 10
45 328
103 188
35 82
305 412
254 191
178 379
397 454
52 469
386 340
43 400
147 3
293 249
257 353
34 264
128 210
363 44
3 113
107 295
341 24
81 235
25 338
225 196
310 400
454 44
415 358
463 11
496 359
113 310
298 352
356 68
354 323
37 52
336 181
43 208
107 74
344 403
281 385
465 224
248 179
291 220
12 207
1 273
435 158
126 401
311 37
480 441
7 339
460 304
455 97
117 456
179 389
471 400
485 179
385 224
260 33
293 226
426 377
267 121
108 332
96 194
41 277
494 354
314 163
106 474
106 463
445 227
69 371
228 141
401 331
398 24
93 393
9 323
408 144
133 309
431 9
156 388
155 191
167 104
215 75
46 211
9 92
37 241
115 474
401 248
177 6
181 29
134 395
283 72
167 291
317 79
105 92
308 217
88 234
473 249
205 422
59 441
456 143
65 379
182 100
74 428
420 168
360 469
391 342
470 446
256 263
276 165
431 41
276 79
333 458
121 296
72 118
467 492
67 108
437 10
45 495
373 66
217 493
292 387
44 410
36 344
434 170
40 454
359 245
346 289
295 236
184 338
137 353
435 181
122 425
252 200
146 374
314 230
148 376
94 129
250 8
94 100
286 137
222 500
187 208
225 27
449 404
380 250
278 53
59 374
189 66
329 269
115 436
168 68
33 444
401 420
235 498
249 106
210 334
133 248
471 30
223 141
73 55
305 223
258 279
135 171
237 142
365 381
15 419
182 162
259 368
298 324
418 313
213 328
262 339
12 304
445 157
214 433
487 365
424 330
102 117
352 95
59 21
473 414
322 295
125 122
160 194
193 278
485 42
490 479
127 444
370 208
267 149
207 36
401 345
466 249
210 430
268 380
440 42
365 204
174 102
42 264
49 249
377 299
496 131
287 119
56 294
353 185
15 346
411 114
175 355
322 250
174 441
353 30
298 35
240 55
183 36
265 212
406 310
344 200
248 498
147 125
195 187
16 445
188 28
256 392
70 4
107 290
492 460
194 410
474 166
470 226
35 32
360 419
201 268
189 116
174 44
283 224
341 190
243 273
386 331
150 231
262 304
218 439
299 466
465 332
4 335
256 193
68 211
327 24
132 199
245 429
35 456
281 106
42 353
208 294
14 74
249 70
196 217
457 365
301 474
124 133
44 184
247 209
374 24
280 454
175 381
79 19
367 50
459 145
234 150
184 363
182 298
147 151
240 354
229 313
389 76
95 259
315 139
423 357
216 198
161 70
351 45
318 202
348 36
282 275
9 301
341 169
55 117
150 5
247 23
325 377
26 393
300 72
449 85
128 189
481 372
48 357
483 41
106 49
122 483
254 91
318 465
452 18
118 96
212 482
95 476
23 351
378 185
34 335
197 376
215 62
380 163
342 97
381 61
403 62
468 221
448 381
22 404
377 99
466 123
355 170
196 84
148 35
303 485
122 193
387 74
420 36
476 442
262 146
351 342
296 489
356 326
243 205
296 373
159 467
466 296
4 417
136 92
421 117
138 449
377 372
11 327
71 44
22 423
366 187
106 418
192 393
63 429
146 255
255 227
19 336
198 376
1 179
71 288
134 3
404 409
309 267
221 233
439 431
451 163
324 391
293 375
75 219
480 219
121 115
398 68
49 400
317 387
396 438
453 103
498 60
451 172
250 494
226 26
302 88
435 161
349 427
420 482
417 148
176 27
287 134
241 180
318 348
229 212
51 227
54 165
76 274
420 185
322 216
219 400
271 225
98 415
381 295
85 313
300 187
11 312
211 337
263 266
20 369
494 219
115 361
32 24
95 270
141 200
85 142
359 370
349 197
106 225
231 127
460 25
229 328
374 68
236 274
36 261
487 433
493 107
205 150
168 445
497 476
211 34
438 85
180 429
270 90
276 456
35 65
112 455
303 237
77 17
315 305
410 341
46 329
99 356
296 349
69 128
227 175
76 276
390 149
307 138
269 14
377 287
416 301
265 126
197 130
437 458
136 106
400 334
297 88
323 344
440 321
212 125
401 457
18 88
17 104
172 464
337 342
22 479
250 368
324 194
290 313
45 103
202 364
124 182
242 344
26 74
160 461
414 230
387 487
423 28
226 340
337 39
146 461
287 217
410 403
410 223
69 209
126 254
476 51
39 126
100 203
145 454
295 329
7 390
155 442
480 236
100 256
410 73
483 125
295 76
276 388
59 146
440 134
6 31
282 180
33 461
378 144
252 466
159 263
177 458
295 36
215 261
483 308
279 186
373 429
153 285
261 390
30 182
41 450
300 228
205 13
128 90
224 133
402 222
337 116
88 190
17 101
319 141
205 439
172 408
474 114
204 27
168 291
138 185
217 22
397 162
11 480
370 353
277 126
405 290
347 95
449 190
78 485
133 246
48 216
192 451
447 355
232 98
164 341
231 67
405 426
269 342
324 34
383 171
37 160
461 385
315 469
330 390
272 31
186 448
30 500
28 44
233 27
45 273
382 388
389 174
268 482
300 324
475 447
174 360
289 328
408 467
437 438
208 123
390 253
485 65
382 451
54 200
488 94
108 159
476 416
26 76
251 203
234 225
108 261
404 432
247 279
93 458
445 476
487 102
181 175
117 255
327 140
362 369
201 191
265 24
418 31
174 440
244 249
285 299
86 103
132 297
378 262
208 146
393 67
477 17
381 451
405 90
412 13
393 326
26 383
97 411
200 72
339 8
251 1
324 172
154 27
319 410
246 50
183 5
231 174
9 329
420 99
261 495
314 78
355 340
7 337
42 269
227 259
59 58
59 122
48 280
13 11
239 36
437 61
463 215
8 385
44 79
449 159
352 255
69 352
488 108
18 175
193 100
264 406
445 79
444 158
91 34
446 377
171 133
46 9
436 183
69 467
449 251
126 326
287 383
253 291
124 302
85 311
260 486
105 38
56 412
413 372
187 212
170 400
163 219
23 52
143 183
263 281
390 302
36 59
461 286
491 375
494 185
301 442
341 92
394 227
40 244
369 205
168 342
245 496
139 319
180 304
276 151
486 104
447 150
380 424
314 203
312 94
28 191
253 256
321 54
243 260
80 437
157 36
457 290
410 237
102 285
370 179
67 284
453 396
248 123
72 182
282 420
54 482
6 269
150 194
382 172
459 321
485 448
348 68
219 423
324 30
92 266
324 107
488 235
128 467
306 210
171 397
417 69
22 113
197 457
428 106
396 112
167 383
383 168
482 91
245 394
487 306
5 374
322 322
430 390
194 75
360 114
105 25
391 491
213 261
407 427
165 384
60 194
386 100
406 151
469 28
359 153
318 412
410 424
219 485
129 310
253 65
319 327
206 84
139 239
244 161
487 33
89 291
398 491
31 22
104 280
363 270
199 480
251 460
109 87
11 48
211 106
261 246
319 475
123 74
256 81
58 476
277 95
55 261
116 416
183 253
342 244
272 399
450 401
160 108
21 255
486 187
111 200
147 275
92 406
194 383
193 260
379 76
44 382
80 291
338 418
398 332
98 201
340 121
179 117
141 137
450 301
107 266
24 218
391 346
344 138
436 106
56 462
161 135
275 235
386 121
208 492
37 295
405 340
375 362
158 364
387 204
145 135
46 46
325 315
183 358
43 406
9 142
170 308
262 188
458 396
361 428
243 169
333 274
215 391
39 259
464 215
150 323
143 409
284 211
430 371
82 291
144 100
490 174
195 295
46 64
396 185
349 157
206 54
453 358
384 249
489 439
82 352
95 253
439 380
400 485
3 424
189 9
473 3
43 496
333 233
20 307
141 136
472 15
97 294
412 157
440 439
1 128
366 377
276 330
381 417
109 167
129 216
239 273
444 37
308 69
294 225
314 202
126 7
7 205
49 448
369 385
415 468
96 120
225 305
410 196
24 313
333 301
36 125
396 483
325 424
49 450
236 35
231 152
242 56
357 399
190 226
419 342
8 436
7 64
76 55
148 307
199 142
63 497
445 292
468 3
266 408
312 315
39 432
132 481
14 498
176 429
35 164
122 421
66 37
454 115
475 75
192 216
186 340
128 441
172 414
145 350
181 270
341 488
263 481
38 114
471 147
253 108
84 31
345 94
437 72
461 406
262 276
389 468
429 258
367 489
253 205
295 495
343 251
151 241
263 148
21 332
343 354
245 15
446 108
208 181
198 334
132 64
260 174
286 102
269 185
256 299
54 82
295 436
316 425
320 79
402 183
28 250
95 333
63 49
404 24
167 37
96 13
77 263
259 498
244 106
236 300
23 284
281 481
291 211
259 373
207 30
222 192
145 28
403 290
60 114
228 368
351 457
37 399
408 214
342 191
293 448
73 91
335 141
319 36
498 113
165 62
176 307
291 497
285 110
11 437
491 285
217 479
283 236
13 297
104 67
316 331
33 59
243 24
312 15
204 419
382 461
111 106
364 78
284 118
376 237
414 419
66 161
362 402
335 25
12 206
118 328
112 276
124 251
120 94
277 175
344 62
382 373
233 245
291 405
283 133
351 49
497 35
387 209
107 165
229 76
272 115
412 171
420 161
168 26
150 429
160 186
187 51
170 439
218 371
56 411
144 177
131 214
59 102
266 215
433 89
132 380
104 317
18 480
313 395
169 355
3 38
401 64
209 484
98 217
411 300
237 118
141 420
261 247
32 31
382 67
98 35
279 207
82 77
138 278
206 406
307 187
313 328
355 370
27 402
71 463
294 418
443 296
385 310
455 460
426 358
262 16
428 60
252 486
275 150
178 331
402 444
60 292
181 98
468 125
417 4
359 335
282 206
98 294
342 428
129 281
340 420
142 174
79 87
207 404
43 233
478 70
315 47
100 299
300 368
76 416
99 30
192 489
298 117
375 495
450 50
103 372
494 264
392 444
230 18
269 398
138 208
418 493
304 232
410 489
365 411
98 152
416 409
343 342
289 288
448 187
96 306
139 386
490 212
85 44
204 495
488 342
52 332
185 72
171 110
458 243
406 162
359 401
456 20
301 150
221 42
249 249
245 374
447 426
167 111
126 113
460 279
160 94
451 186
71 275
126 356
101 325
488 495
315 377
80 103
184 322
51 222
5 167
383 319
372 325
307 56
285 1
209 424
382 29
395 234
472 247
96 336
347 415
488 118
448 384
25 476
254 40
89 18
204 202
433 365
428 151
287 494
337 125
165 375
402 468
452 392
478 113
494 19
95 98
221 268
100 250
459 70
325 452
6 366
369 141
266 107
425 269
93 108
12 495
493 495
43 152
499 336
72 14
39 193
324 79
8 392
133 287
302 262
467 381
435 26
59 106
404 266
496 335
293 92
208 174
122 246
308 259
369 66
321 240
390 404
327 147
290 461
305 325
207 187
496 377
342 129
236 329
14 81
170 218
190 492
247 390
355 486
315 436
63 100
161 49
180 388
243 94
64 118
394 322
275 163
469 125
192 375
223 212
99 281
425 306
67 224
1 40
434 271
348 147
302 114
428 248
372 417
309 286
212 145
342 146
92 142
87 12
266 69
300 47
152 160
120 305
335 227
348 421
64 340
59 1
468 325
212 53
102 64
486 243
461 476
92 65
326 147
274 156
446 87
303 62
254 76
364 237
104 212
10 250
336 403
442 444
214 83
369 165
460 356
30 118
73 430
462 500
103 375
495 450
138 388
1 83
270 407
160 443
226 383
283 98
94 68
338 176
436 340
348 62
145 289
170 310
103 42
228 132
454 213
12 350
404 457
28 262
79 45
136 77
78 477
197 67
180 441
313 234
71 319
474 263
232 312
275 441
192 465
5 94
239 328
426 264
152 415
110 287
33 426
87 369
320 329
344 128
149 144
265 54
237 423
328 167
299 435
86 352
267 39
140 400
191 213
171 115
257 479
389 242
391 49
189 402
139 331
199 433
272 94
182 430
65 477
402 214
310 370
175 331
27 96
314 222
144 102
107 42
329 457
312 28
35 9
332 313
190 322
438 292
169 252
303 29
58 146
286 359
462 361
431 132
74 196
274 284
104 309
408 26
338 154
382 151
223 237
16 454
398 298
330 29
2 9
299 456
101 132
297 392
399 127
189 468
85 236
30 179
377 161
448 480
270 455
372 308
276 18
140 357
106 150
300 167
223 467
14 154
452 322
368 180
485 31
288 228
357 344
35 411
490 199
394 70
499 222
454 86
358 450
301 489
111 178
164 186
53 168
488 14
196 128
29 499
231 104
154 345
464 80
488 348
8 318
337 132
370 68
356 186
8 42
136 151
417 271
216 446
64 125
336 109
346 135
403 194
332 129
445 5
49 333
263 189
157 104
219 61
3 21
100 32
35 341
415 133
286 220
52 190
23 90
231 357
110 6
272 401
159 354
270 152
175 291
125 107
256 149
293 305
24 328
274 112
206 10
168 347
400 153
87 307
219 219
192 159
38 353
68 35
257 404
237 310
342 30
464 390
262 213
382 381
57 163
406 362
313 456
273 100
171 192
97 218
70 304
156 474
200 95
166 433
487 412
313 251
93 478
210 359
426 347
463 190
197 410
10 275
169 66
366 458
453 321
162 271
491 350
204 480
294 248
360 463
270 318
74 407
476 427
475 342
242 314
106 33
300 103
272 430
311 123
100 438
240 353
73 42
299 86
345 128
464 233
278 420
237 308
407 358
128 452
333 146
357 376
401 394
24 22
42 14
189 258
462 321
404 417
226 248
150 291
287 321
416 266
363 353
362 95
240 248
307 158
10 316
404 331
324 135
75 372
172 271
132 36
411 264
306 447
34 91
20 433
372 82
23 107
187 141
105 448
266 483
276 9
431 205
185 2
53 339
253 202
25 491
222 488
169 488
456 352
75 137
134 16
473 58
315 314
386 417
87 345
278 355
185 153
14 100
460 337
448 353
248 365
294 341
339 276
393 411
438 71
119 478
239 78
233 59
145 425
196 41
35 294
89 440
61 408
213 234
257 17
372 431
414 239
104 427
225 76
191 18
455 139
126 489
326 118
353 391
412 453
490 166
405 367
18 83
430 237
286 100
412 34
385 119
343 192
393 425
401 212
351 201
473 489
499 60
402 220
268 323
149 260
188 398
126 341
255 255
452 106
405 188
169 206
202 257
247 37
344 327
199 396
225 437
425 322
436 95
494 453
423 397
254 456
404 53
79 397
354 302
141 296
355 183
97 19
150 120
76 468
61 420
282 227
378 45
336 219
479 262
87 242
349 232
275 209
101 170
290 34
389 324
254 68
449 292
156 178
24 155
206 275
295 462
383 305
79 235
382 194
53 89
186 231
19 203
416 207
67 383
471 333
359 398
56 417
299 390
11 44
252 414
340 447
215 120
258 305
305 332
301 199
320 5
42 304
100 152
445 110
40 159
75 426
115 195
111 408
327 197
490 160
392 297
456 172
49 2
273 399
59 9
317 26
308 99
83 450
394 437
168 82
3 31
70 100
139 417
18 443
29 351
489 363
251 125
200 417
44 329
222 433
133 90
198 167
473 257
97 85
322 101
382 321
90 402
232 483
52 394
403 54
198 338
453 244
465 138
383 275
359 119
58 382
7 26
195 174
402 226
427 257
455 407
369 197
420 32
262 27
254 242
218 72
294 270
374 131
475 391
242 235
163 214
371 218
21 323
60 218
90 269
196 34
138 408
321 320
99 102
110 488
159 60
104 93
329 488
390 357
420 109
92 477
13 65
219 53
336 333
340 371
286 330
29 179
240 457
42 442
498 266
217 400
137 133
166 147
478 157
351 274
284 90
288 146
232 462
48 217
310 347
172 477
496 182
258 83
334 415
136 259
392 286
491 318
56 84
143 162
500 325
7 85
103 346
278 137
448 199
481 427
151 32
287 272
97 480
51 429
150 309
252 392
184 65
75 190
486 274
454 53
228 220
473 35
117 62
256 394
331 97
244 4
144 48
221 26
342 355
375 494
200 135
33 227
93 257
322 180
67 365
30 307
339 422
292 496
143 488
256 396
121 411
293 309
203 385
346 5
204 411
365 449
457 449
364 44
150 204
413 204
404 82
101 23
495 412
127 239
69 421
238 392
193 49
153 462
201 15
160 29
393 457
102 21
95 498
242 223
161 293
232 499
61 459
189 43
451 383
48 30
223 466
96 98
422 51
305 247
90 170
391 286
167 411
497 443
105 200
166 184
381 497
194 48
254 181
94 289
161 259
88 288
141 395
151 256
358 27
281 270
407 96
54 138
388 159
132 390
47 447
236 408
7 100
378 444
317 189
326 34
396 367
455 412
317 144
301 443
487 41
77 101
372 183
73 279
304 337
379 311
314 91
253 390
365 169
406 358
298 143
219 379
71 127
466 278
151 140
26 186
495 105
290 307
58 300
331 201
57 194
223 152
111 262
393 37
117 99
106 400
238 314
73 498
134 384
287 380
64 305
385 178
386 134
494 90
83 376
153 306
461 462
193 126
83 405
168 365
21 460
417 123
164 93
349 98
78 150
175 385
463 208
10 315
448 355
370 336
394 187
287 139
40 475
245 426
72 77
150 107
497 478
249 370
123 392
281 310
449 228
244 285
313 212
196 413
59 119
300 171
56 94
38 64
96 241
312 180
109 361
472 313
328 80
170 345
363 95
198 355
321 255
443 95
92 268
115 320
16 482
421 118
105 101
435 323
255 211
67 134
22 78
221 329
427 184
268 350
336 185
37 292
252 178
169 86
429 94
126 453
378 326
409 87
208 185
199 139
169 2
453 444
435 24
227 364
480 202
389 263
170 381
469 406
461 205
207 157
170 408
113 490
451 291
262 92
66 249
462 481
412 214
270 380
67 135
249 430
3 357
140 457
328 313
105 125
213 360
69 82
103 181
171 254
485 298
193 346
70 477
352 365
150 95
45 260
135 122
403 388
211 414
278 349
31 137
181 162
76 214
50 213
193 115
92 100
226 215
229 267
246 471
468 470
345 349
87 391
228 117
254 20
367 354
424 117
108 251
115 442
420 399
90 466
257 363
177 223
149 113
365 198
220 109
329 413
18 34
266 414
394 220
279 187
87 440
483 272
254 104
140 184
125 214
240 437
36 241
411 24
7 377
150 307
284 8
279 258
491 401
319 100
54 323
283 388
200 414
112 446
233 50
198 22
442 78
281 242
136 422
254 338
86 365
254 96
409 360
21 403
228 199
1 488
443 448
49 329
426 460
11 115
455 222
235 202
195 337
325 66
80 18
290 396
3 346
39 80
283 343
266 148
167 42
269 72
235 123
377 207
128 44
56 54
483 60
130 108
78 213
349 250
405 452
98 319
166 11
409 472
62 172
224 16
444 351
426 69
349 247
245 365
325 81
363 425
391 408
294 226
329 471
160 117
325 86
210 107
228 482
189 191
436 237
227 252
391 381
466 389
52 48
499 274
147 245
254 265
57 245
445 154
121 261
26 107
422 236
78 45
19 302
318 101
2 384
85 66
141 138
160 261
20 68
352 53
282 153
103 251
135 482
63 48
174 109
429 38
281 434
24 207
237 322
150 86
350 169
307 152
284 23
202 316
238 177
237 285
489 432
42 299
354 261
471 410
42 159
90 226
370 301
111 350
418 485
329 190
225 496
351 481
341 339
170 364
35 151
453 276
221 239
7 419
416 55
157 420
275 331
230 104
147 182
399 399
500 349
480 398
303 281
426 265
324 474
373 458
99 209
166 93
473 170
179 494
92 335
177 211
436 17
475 151
107 166
77 161
150 328
492 379
385 120
65 102
198 278
356 160
379 488
61 270
249 413
360 128
8 353
376 54
188 148
69 119
168 245
348 234
242 142
301 360
219 123
134 56
434 163
429 224
355 116
37 463
378 151
14 283
215 57
278 325
296 159
203 63
352 226
333 270
379 248
410 107
414 469
409 238
346 350
99 498
174 5
420 149
384 160
470 297
457 490
349 283
271 206
43 392
57 433
265 13
228 487
311 343
144 325
500 199
426 279
181 67
131 212
259 149
395 27
239 366
144 430
223 380
301 342
77 170
122 296
485 355
415 255
347 486
440 459
297 373
129 103
67 83
158 307
219 246
42 113
279 238
69 140
65 55
474 268
291 464
227 21
365 378
451 244
326 93
147 225
120 69
336 18
427 223
366 489
361 30
105 206
65 422
334 10
319 493
41 135
70 35
204 189
351 312
153 240
2 324
109 388
433 31
49 158
237 171
373 460
270 67
195 118
189 332
329 361
253 360
343 422
335 138
191 360
197 358
368 63
97 494
293 359
204 335
107 98
411 360
245 343
37 249
132 423
423 291
236 297
159 452
43 265
178 106
476 415
417 471
256 324
222 86
124 254
474 288
144 235
350 163
231 6
30 248
187 494
388 152
486 16
5 380
299 336
230 255
353 142
460 110
274 23
391 62
305 75
15 332
270 109
315 281
288 222
434 332
339 471
409 356
424 261
268 381
209 85
353 330
384 433
21 25
315 320
234 138
251 417
118 480
232 304
40 362
486 462
332 307
405 195
391 151
89 156
348 391
451 181
468 341
188 497
335 115
35 421
235 335
268 338
439 376
250 476
173 181
147 55
230 183
250 249
99 121
177 283
116 248
240 337
436 304
81 307
63 412
51 359
299 131
327 246
450 20
264 453
75 489
123 213
6 320
140 369
171 455
411 462
177 26
24 75
322 43
104 271
295 14
4 346
76 308
321 188
71 31
229 388
396 148
215 8
95 141
244 133
153 32
220 467
466 177
188 250
301 473
373 145
146 469
162 77
302 315
167 323
425 11
442 313
461 474
123 158
454 90
280 290
94 356
44 293
363 257
169 220
23 167
361 260
435 469
169 337
256 79
90 334
298 81
169 87
104 443
44 380
53 442
22 146
331 302
8 402
140 160
278 342
466 430
103 496
204 235
233 113
434 255
179 202
310 444
147 304
468 100
442 394
145 140
160 52
104 294
472 431
377 274
80 83
222 168
410 39
395 187
197 404
40 178
140 343
137 32
444 324
129 220
174 122
443 99
263 408
171 32
75 408
430 417
99 204
356 450
340 443
467 216
251 127
283 398
294 252
147 405
95 203
114 49
263 202
86 478
374 271
488 218
257 15
331 445
454 458
251 283
332 77
458 250
288 169
339 278
185 287
225 447
158 239
141 205
499 324
478 179
486 343
243 497
178 208
196 430
418 404
199 66
459 455
352 83
51 110
457 453
346 294
311 46
495 295
470 128
180 480
447 33
470 483
229 495
35 167
223 490
150 480
416 170
200 410
11 229
452 63
108 466
49 25
367 322
103 417
412 102
496 50
118 6
207 171
472 248
175 109
138 467
429 139
379 482
39 42
128 164
137 284
465 126
493 87
126 319
58 498
338 412
131 446
408 237
472 199
116 297
384 407
400 91
436 63
245 358
225 236
499 422
234 178
497 4
184 327
221 146
212 18
275 490
484 293
53 267
144 125
431 61
176 149
125 25
295 207
118 237
391 330
159 63
247 3
110 69
397 268
15 6
31 19
193 72
64 441
31 150
270 40
112 196
168 308
320 24
461 58
84 456
356 297
308 311
177 243
455 336
244 130
223 140
37 494
365 327
273 290
7 289
350 134
139 275
403 200
208 474
353 60
175 349
406 469
470 100
339 115
69 217
384 192
411 119
292 51
112 419
66 256
256 321
489 321
141 185
286 70
383 20
1 49
134 14
402 51
103 333
217 67
70 249
429 334
328 190
28 467
374 238
159 95
431 235
283 31
469 278
203 85
98 338
386 240
254 481
290 71
106 162
275 274
138 436
290 233
262 39
27 370
144 287
120 96
353 260
103 1
439 77
286 138
187 229
67 55
190 396
187 4
42 338
98 354
75 476
328 391
240 365
364 40
456 329
205 373
52 335
208 169
300 490
14 148
90 53
448 165
63 78
167 188
413 102
149 62
462 354
38 67
297 312
285 365
322 24
264 225
448 322
355 218
377 224
91 494
234 281
306 30
195 328
67 58
51 250
253 340
388 469
296 281
293 460
223 120
199 321
185 378
17 6
389 78
335 37
416 455
2 431
307 405
425 153
58 359
15 471
316 454
95 84
497 214
126 277
154 80
454 489
490 22
286 393
213 471
296 452
280 426
246 56
314 195
246 99
13 238
332 164
251 429
247 456
133 395
35 134
357 219
26 372
462 409
258 435
64 405
160 162
384 58
30 245
182 106
185 190
305 346
80 140
426 322
298 492
500 433
129 348
232 360
375 333
124 69
101 222
23 17
186 395
173 279
177 19
421 3
146 202
59 233
25 405
374 141
301 181
262 18
67 77
288 133
95 7
175 438
58 107
251 59
24 300
218 381
29 196
151 135
344 104
10 132
481 447
426 486
161 435
284 344
55 281
264 204
230 360
245 94
443 212
343 400
286 18
355 407
332 315
277 69
7 264
332 68
37 196
389 240
45 112
13 369
4 359
43 59
464 384
2 244
10 160
255 366
165 265
263 484
433 359
406 215
408 74
482 351
121 127
335 77
431 28
460 212
105 468
394 446
269 84
21 252
200 147
146 431
413 142
425 340
182 273
461 147
132 86
68 55
411 390
413 110
70 213
438 74
491 112
424 72
63 113
145 493
127 358
99 137
319 375
299 292
203 422
36 309
260 159
8 424
131 405
249 61
265 467
257 115
85 64
175 318
216 22
217 73
252 159
11 29
19 145
355 317
329 89
165 222
160 57
312 380
199 177
140 223
182 231
431 24
498 23
33 411
107 248
388 91
196 242
128 460
467 370
234 253
20 421
222 420
109 182
162 368
432 38
175 99
5 272
291 421
203 474
254 313
232 373
325 375
420 466
12 377
389 8
394 288
151 340
23 266
245 214
372 132
234 24
76 442
266 38
81 220
470 279
173 434
439 322
365 289
434 59
252 260
213 37
195 238
242 145
240 39
198 411
331 219
195 148
79 466
343 278
52 302
68 121
292 309
365 48
6 307
252 420
365 15
302 442
278 62
155 254
341 394
106 194
388 336
367 6
32 174
358 106
125 381
36 174
466 231
198 2
215 363
146 112
389 274
20 240
233 467
62 337
180 114
163 366
97 316
345 414
407 179
156 92
483 42
225 436
344 456
411 381
330 13
171 203
118 354
179 255
14 475
424 203
70 465
15 474
5 265
456 338
422 253
421 153
405 407
203 156
68 455
420 424
390 390
382 280
103 19
480 211
309 1
16 271
221 159
78 396
148 229
287 1
19 245
169 233
221 369
455 177
24 457
139 336
443 259
17 218
400 380
399 227
375 415
429 182
322 275
115 383
31 417
422 344
234 280
313 466
20 14
205 342
417 14
52 352
276 495
280 135
443 35
149 76
496 126
215 338
409 266
142 229
137 118
464 336
5 350
329 390
19 480
218 362
364 289
75 84
358 169
16 405
435 382
51 37
55 175
65 41
322 10
438 451
41 34
473 296
386 437
153 447
149 396
406 205
138 346
193 120
154 406
193 425
176 239
316 470
182 208
477 250
170 394
58 175
280 27
38 327
90 491
57 89
419 402
369 15
91 130
359 368
93 76
239 91
2 413
479 398
159 312
412 89
445 201
35 69
63 294
461 52
122 32
251 33
418 98
183 352
277 491
166 418
105 245
281 446
286 432
276 335
327 272
10 384
168 236
482 219
311 488
241 444
427 120
75 276
183 255
308 433
143 171
213 313
369 309
412 176
426 150
202 73
383 498
477 179
467 475
318 52
270 88
140 83
333 287
389 396
490 496
469 319
159 478
344 375
224 77
222 291
362 471
341 183
157 166
491 253
224 430
204 333
176 235
479 263
254 344
229 343
229 113
409 208
101 176
199 290
443 402
60 391
425 387
55 469
58 164
66 117
80 297
499 119
160 127
401 318
221 488
406 429
53 165
397 329
301 499
276 163
211 216
464 20
190 101
176 250
196 235
196 135
104 268
36 285
59 385
481 127
477 252
424 359
261 233
292 283
382 252
436 86
151 302
228 387
12 394
405 57
182 334
80 371
171 408
121 244
132 233
140 437
267 15
210 152
79 373
112 236
474 43
358 37
390 299
215 472
105 486
488 450
224 149
377 89
72 75
247 222
142 498
379 208
459 327
301 208
333 39
288 225
133 492
105 490
272 463
298 354
310 130
161 101
102 233
68 319
101 97
421 183
499 86
282 297
224 240
323 56
486 495
196 164
41 155
99 195
392 496
404 385
403 86
245 131
135 110
115 445
66 340
22 413
177 321
150 71
389 187
193 325
258 299
349 314
207 288
137 112
297 261
26 18
28 415
53 241
193 109
277 422
156 16
350 93
353 311
268 477
218 426
93 412
367 21
390 168
240 212
409 28
350 455
222 456
5 64
95 78
211 435
451 343
165 146
186 56
352 27
63 158
441 198
328 113
373 470
394 15
466 491
475 213
168 119
121 48
180 6
333 217
83 465
362 353
369 6
341 76
458 408
3 239
321 231
304 300
377 172
280 275
191 11
382 33
476 457
404 329
309 80
498 323
385 491
382 6
459 81
376 399
290 270
147 380
442 482
471 5
229 277
348 94
114 459
230 63
258 479
183 289
105 68
215 315
180 135
67 490
248 13
443 297
309 23
41 96
481 95
231 233
425 86
317 416
134 362
18 317
110 147
448 233
193 334
499 80
292 436
233 110
8 331
248 237
14 372
201 386
257 274
55 279
423 31
165 474
344 285
208 271
260 316
45 490
6 353
139 328
178 406
370 210
13 172
87 415
245 262
88 228
213 141
498 72
353 364
356 14
490 41
426 321
400 242
274 31
321 85
306 1
165 43
323 319
236 443
165 333
108 461
472 265
188 365
363 355
211 258
230 500
211 65
455 413
177 398
92 399
264 310
37 430
423 326
247 126
405 70
470 164
56 267
117 493
369 334
470 18
141 19
403 219
122 371
57 334
136 442
241 431
427 182
343 24
438 443
133 373
478 214
57 308
284 40
404 154
184 215
186 297
114 53
365 332
219 227
386 467
180 107
166 289
50 252
69 256
363 368
439 5
156 475
118 73
106 292
390 456
32 207
72 305
177 38
378 169
400 232
329 54
69 60
326 294
146 412
297 228
290 355
251 78
185 315
112 445
458 58
23 475
494 81
308 365
152 327
169 276
81 54
478 40
245 236
324 313
380 376
301 485
350 80
354 13
84 291
424 137
355 220
242 327
58 371
28 416
40 274
407 425
86 327
163 53
2 367
403 226
200 264
383 411
186 238
68 4
68 94
280 489
150 8
163 27
261 427
461 500
50 466
397 350
195 378
120 293
434 106
191 320
155 453
102 127
312 104
228 470
445 361
28 487
9 188
12 468
308 435
380 145
344 175
137 128
270 214
104 444
172 177
87 225
201 147
479 476
483 412
242 84
202 151
456 42
110 316
194 64
268 104
118 285
434 395
54 428
115 54
425 399
99 325
391 63
269 335
442 338
186 418
9 495
202 487
357 290
415 212
149 434
399 80
1 256
32 260
189 443
410 164
205 191
31 131
353 439
385 271
3 456
388 82
167 209
183 462
209 488
5 26
355 404
492 473
367 324
246 441
213 229
337 361
488 201
220 410
89 299
373 289
216 181
162 456
137 61
44 378
455 341
454 334
278 106
24 70
341 267
3 180
146 134
265 296
449 405
78 323
384 296
103 59
69 253
498 409
12 215
300 107
12 48
413 191
122 256
158 152
447 267
131 70
448 343
390 117
281 273
265 122
449 20
340 196
78 422
362 204
360 133
50 102
449 238
168 339
270 196
403 2
411 78
489 121
210 168
394 180
8 486
262 242
406 131
426 277
411 109
345 22
460 422
40 129
480 273
169 376
430 471
37 203
158 277
236 185
68 384
307 368
210 114
452 403
357 74
100 87
165 176
427 369
314 408
176 291
46 126
387 303
239 298
94 325
110 52
72 333
421 182
402 152
391 485
173 8
463 50
124 307
16 47
93 184
108 493
425 355
203 293
202 371
230 160
134 493
320 60
466 323
376 107
271 379
377 326
481 60
277 234
185 343
399 260
87 327
79 108
441 191
363 411
250 213
385 350
185 22
321 26
335 82
43 335
491 299
134 337
333 213
310 75
111 278
401 468
364 281
283 49
195 67
208 78
133 113
131 347
114 76
17 27
174 308
285 220
488 326
217 140
437 64
400 326
261 387
331 324
338 115
311 118
400 65
145 50
463 193
219 157
17 115
126 420
469 259
448 129
380 301
390 113
230 116
85 321
87 449
424 213
95 159
332 95
333 154
308 496
67 295
438 149
328 29
197 401
312 174
478 369
487 454
246 297
277 296
25 39
199 248
305 375
48 392
372 435
23 420
465 385
441 254
255 432
205 409
238 103
286 57
365 140
158 442
411 13
63 358
198 206
132 245
49 416
227 181
224 283
204 264
245 326
43 71
483 176
168 109
306 435
380 73
420 40
312 251
179 323
149 109
34 384
236 317
88 227
415 456
295 376
350 385
395 16
105 439
163 141
456 345
457 42
495 266
483 469
186 258
365 484
29 493
277 17
7 413
136 243
78 58
479 453
109 78
286 404
437 320
341 43
380 170
131 351
326 72
25 406
183 280
62 76
337 9
380 310
19 455
261 107
46 73
321 463
454 173
323 214
121 109
445 203
79 165
26 270
199 145
429 434
112 420
58 25
375 110
446 356
175 77
322 94
288 221
479 492
335 440
259 439
500 460
270 24
254 49
428 288
262 345
298 17
111 154
341 344
165 81
109 203
31 381
100 143
489 308
84 369
194 238
210 53
44 190
21 200
459 234
343 435
73 447
291 364
322 262
5 81
245 5
160 102
254 382
179 376
135 434
134 121
386 99
117 430
114 189
414 77
145 349
130 293
107 60
348 210
278 31
82 83
284 415
492 100
302 212
389 230
58 201
163 168
238 358
286 424
68 190
3 72
171 186
125 371
271 41
415 55
370 20
8 408
202 79
318 118
484 263
3 90
278 448
132 110
172 280
89 3
419 117
252 254
331 149
325 391
292 104
386 185
94 333
195 218
331 16
274 19
490 466
247 449
439 480
140 392
245 489
228 75
300 474
171 111
114 344
88 342
209 475
186 306
456 101
308 348
486 422
139 425
107 352
226 470
433 173
427 486
404 426
382 265
401 451
282 276
273 133
455 46
55 151
173 235
45 240
87 50
151 312
37 23
421 325
300 385
195 260
421 195
75 97
405 440
353 212
445 200
129 97
264 340
166 315
71 376
203 232
289 340
500 423
238 182
134 239
307 163
141 449
287 246
320 347
46 234
436 278
195 414
326 36
443 62
132 19
32 463
36 123
345 123
131 56
275 135
384 482
188 161
377 308
265 375
293 452
372 117
69 346
125 275
363 77
12 322
258 486
151 246
202 186
428 485
500 244
478 279
173 213
197 448
363 58
118 233
302 463
250 91
386 456
429 364
209 171
463 71
384 87
78 146
45 87
317 88
278 335
81 428
149 294
350 123
227 60
203 80
120 384
143 69
473 413
361 267
402 251
50 378
388 173
225 156
92 34
94 76
54 273
425 404
307 131
127 203
16 379
383 184
414 197
7 58
459 124
89 274
309 26
55 375
387 410
471 493
467 175
63 385
74 93
477 223
196 8
22 104
103 259
475 6
141 281
121 24
470 467
285 99
334 209
181 495
311 357
341 113
119 47
129 325
301 2
138 200
436 159
112 157
424 123
392 495
270 204
234 244
247 117
78 5
311 386
259 386
440 353
8 282
188 465
116 396
292 119
178 14
411 84
258 325
217 328
447 450
383 7
245 469
346 488
169 55
436 279
272 157
349 213
132 417
53 164
345 170
491 248
85 10
220 362
68 377
214 283
185 6
305 162
444 301
298 493
485 337
395 143
91 362
487 423
120 29
197 253
355 438
90 261
307 201
417 366
429 404
420 189
331 402
426 225
2 215
113 360
1 201
445 317
326 406
61 185
305 369
449 386
378 439
212 343
77 180
479 341
9 446
83 158
498 349
249 130
123 175
392 105
345 484
319 342
442 396
254 220
339 469
100 193
324 9
274 103
386 274
407 4
312 452
329 13
119 344
340 256
199 155
105 186
39 276
30 498
106 176
284 53
260 366
289 292
379 455
388 457
85 438
335 310
87 235
16 141
243 343
239 441
27 272
171 308
289 488
213 362
54 185
430 401
469 154
129 352
116 484
311 147
326 114
243 195
97 165
492 246
424 254
5 63
63 30
94 310
327 297
255 195
367 409
307 354
207 107
111 433
349 322
326 292
315 375
131 136
250 383
144 381
449 110
234 17
428 134
109 481
299 97
251 10
268 93
471 2
18 89
14 486
119 421
3 318
208 4
371 445
168 74
104 9
397 332
495 424
449 487
139 219
302 483
470 369
252 92
464 441
215 239
129 151
325 409
404 333
134 470
379 211
218 141
14 246
16 246
36 25
224 446
75 185
128 197
258 295
355 114
149 151
235 120
55 494
149 314
496 345
36 240
467 441
425 229
418 448
386 231
119 287
257 165
499 174
440 37
100 126
22 347
408 340
66 213
483 436
369 300
385 267
2 371
500 39
440 163
108 330
200 156
490 222
351 292
181 323
439 272
185 128
345 224
236 256
145 93
177 124
163 60
410 322
114 392
78 32
29 470
169 207
45 75
29 172
112 278
197 371
485 373
72 297
296 369
33 4
203 144
64 343
474 171
254 143
261 416
57 125
162 12
196 71
252 148
202 467
137 309
368 368
457 71
145 83
342 333
125 81
355 383
182 207
420 404
188 419
395 462
381 189
156 437
62 391
401 474
83 101
392 377
283 255
500 476
484 409
343 159
26 440
396 226
259 309
16 140
50 398
487 18
445 325
203 283
114 443
175 66
255 313
500 65
471 163
420 204
37 76
225 334
76 133
315 255
402 130
240 375
463 461
55 467
481 81
494 120
96 201
112 22
40 348
245 150
167 278
39 341
394 270
406 239
67 360
366 129
433 238
51 183
270 331
390 118
427 381
224 420
461 256
245 167
302 158
288 274
185 310
322 370
264 447
190 472
341 446
447 489
404 141
365 19
191 212
74 238
64 263
492 403
332 408
79 200
329 316
402 9
281 499
322 338
359 110
450 406
97 347
218 423
133 189
465 80
285 455
52 47
176 70
57 303
329 73
22 147
23 306
440 116
425 46
447 471
456 243
90 461
196 309
88 198
171 153
451 133
274 199
84 50
119 354
177 121
29 378
329 292
179 46
64 354
395 236
376 214
243 47
380 196
38 119
289 96
459 233
290 131
460 416
112 428
263 425
440 375
364 290
227 348
145 383
361 258
265 479
317 7
311 233
194 431
430 258
199 39
461 103
442 479
450 421
364 179
446 404
399 325
436 98
371 338
270 303
278 474
382 167
351 142
303 311
53 231
151 471
160 258
113 58
148 257
302 84
65 479
154 454
14 42
1 429
75 465
449 74
68 265
423 455
374 47
47 488
79 221
363 203
84 409
468 318
267 260
297 259
11 357
292 305
177 205
189 414
179 43
391 291
493 394
6 263
324 87
131 130
129 490
467 221
96 15
212 101
219 70
238 395
22 311
216 141
478 395
390 329
184 225
408 29
15 71
97 237
288 261
350 1
397 105
219 278
168 21
496 313
382 163
346 290
27 432
65 212
463 110
170 227
388 451
55 232
201 151
434 64
230 40
190 181
68 476
143 10
190 302
322 230
93 454
460 263
293 343
254 350
449 463
132 22
492 57
176 150
479 342
216 390
371 491
235 17
137 201
288 391
385 213
192 72
357 187
319 390
133 41
29 291
185 435
229 200
454 316
374 146
301 148
326 372
281 53
430 249
403 394
236 475
375 463
354 231
77 111
479 254
320 175
410 87
184 248
218 404
359 359
228 317
486 491
446 232
111 250
418 115
270 258
347 57
290 349
179 238
103 354
14 240
173 103
327 405
48 396
375 127
394 465
275 372
48 315
21 268
365 458
225 107
59 318
273 278
144 136
294 175
439 205
94 33
108 111
285 217
261 413
493 2
332 79
306 499
488 341
185 268
182 203
375 113
140 296
166 97
30 344
241 476
440 411
22 32
171 457
37 82
265 273
177 297
406 147
443 455
426 132
37 7
391 371
241 254
372 348
23 355
263 432
334 369
310 480
14 168
66 325
395 71
55 194
273 421
21 21
244 486
86 275
30 160
307 193
102 167
119 331
15 442
284 299
385 457
423 372
344 322
212 349
429 228
251 49
308 63
52 113
221 373
250 262
307 18
246 218
191 247
329 366
153 318
36 362
201 260
107 190
438 65
74 364
370 362
325 469
415 265
340 292
357 476
7 438
75 1
310 131
369 358
388 421
498 439
168 470
165 293
311 237
224 210
360 499
69 174
409 112
200 187
19 331
359 275
27 488
20 297
78 272
297 324
183 463
164 249
476 488
252 372
173 388
7 287
81 381
27 311
309 42
453 199
325 332
295 2
421 344
156 380
377 148
223 112
50 483
403 364
16 129
360 228
291 151
164 204
435 16
220 461
338 35
462 60
267 9
351 287
327 356
114 499
443 162
438 398
159 414
451 210
343 414
202 407
242 437
458 160
393 362
78 16
460 258
326 464
476 443
72 207
304 445
343 346
316 314
19 192
291 123
308 402
443 72
51 390
267 278
146 497
175 261
476 341
211 222
408 446
309 162
43 433
6 107
404 397
288 192
294 472
237 235
15 280
9 441
425 184
1 275
472 150
224 87
359 357
139 105
374 39
316 238
244 334
252 177
358 98
166 26
133 211
445 358
433 273
31 440
7 418
225 383
364 269
291 132
167 486
4 492
474 68
439 195
36 475
406 65
93 481
354 376
202 10
155 482
73 268
53 131
400 488
256 317
355 272
140 351
429 361
375 298
134 154
103 445
111 13
430 259
320 374
358 349
267 444
480 283
438 79
443 203
436 377
45 21
76 57
252 327
396 209
285 444
284 244
36 268
428 427
274 414
346 499
247 325
23 246
435 402
104 405
254 301
478 88
227 325
450 260
486 9
223 314
384 271
392 45
101 349
440 426
380 488
484 126
88 371
417 294
69 408
107 484
57 500
195 456
442 123
164 368
264 147
368 482
487 268
111 365
367 365
484 270
467 271
338 81
96 338
198 29
39 90
245 82
382 266
13 41
285 338
166 350
409 78
288 89
29 468
132 409
91 385
406 222
472 67
310 103
373 275
362 239
76 309
340 499
274 116
294 24
254 100
279 80
338 298
493 193
302 375
208 197
53 421
324 153
91 4
284 223
50 401
470 202
153 122
139 294
163 267
284 58
397 471
454 252
436 238
249 22
387 99
213 179
406 295
453 492
29 402
398 90
129 413
291 311
25 223
18 355
28 280
365 367
366 288
383 160
265 311
14 483
53 500
498 367
187 387
138 377
456 53
266 3
23 347
45 101
319 124
481 286
346 452
476 177
324 69
264 412
468 180
6 336
267 336
98 435
338 167
229 281
68 172
464 348
32 47
403 327
456 341
122 103
142 35
431 273
2 313
206 130
36 469
426 485
83 374
174 125
346 201
66 134
273 371
387 230
349 195
134 161
329 185
372 391
479 175
28 81
33 112
149 205
362 316
322 103
79 376
150 19
465 175
480 228
170 232
225 241
34 44
392 298
65 371
139 39
253 90
249 311
139 359
247 375
168 271
437 85
264 454
238 284
415 101
305 273
327 218
489 160
52 62
56 390
172 15
168 142
219 435
294 314
5 25
364 368
154 310
174 357
125 232
451 88
133 49
94 66
272 3
120 133
118 491
358 203
77 248
66 320
490 92
488 171
351 127
268 130
212 336
50 268
148 316
113 100
287 360
440 342
104 112
443 342
5 349
441 86
286 200
163 213
254 171
114 204
412 62
412 382
258 419
41 102
452 71
130 67
256 430
490 124
259 234
119 474
32 253
62 341
368 435
372 7
81 6
423 429
304 196
165 59
240 40
482 86
135 370
305 427
459 170
412 295
169 96
488 36
17 273
408 188
289 411
64 286
99 400
248 12
130 246
377 231
120 205
103 25
78 288
220 153
197 217
268 362
226 455
443 340
155 412
37 317
180 38
186 156
410 340
3 234
178 393
419 67
320 130
454 348
250 475
121 474
495 162
14 457
66 60
258 334
81 345
370 368
39 45
128 396
190 196
20 324
483 484
293 397
474 411
352 154
44 401
157 357
299 155
457 237
435 381
419 139
201 450
172 418
148 172
332 378
375 275
201 259
452 373
413 248
295 292
107 171
272 391
278 459
360 280
32 365
72 419
407 119
80 326
205 67
148 280
178 88
485 197
421 499
380 63
452 81
139 270
212 261
488 101
250 199
321 371
277 354
377 143
445 372
322 128
311 470
342 225
83 62
236 253
432 312
114 105
485 194
485 460
47 94
70 103
20 452
373 95
437 214
390 10
283 52
258 200
227 267
248 465
57 316
135 238
103 453
302 62
52 131
156 307
38 405
476 139
137 348
66 263
337 353
121 219
232 404
93 423
247 99
359 360
329 198
335 200
444 20
417 318
494 112
210 250
151 455
497 250
263 17
450 65
298 248
383 367
182 473
429 467
76 89
291 101
3 290
394 32
63 469
270 271
142 17
314 500
419 88
345 413
98 317
419 223
464 119
170 384
267 500
44 406
148 425
371 269
103 10
18 2
140 2
93 459
346 407
100 498
13 232
484 154
354 95
293 90
39 211
124 157
357 206
302 415
428 366
290 386
101 410
449 350
417 21
194 177
400 64
214 115
486 22
487 493
143 307
82 163
109 33
439 34
80 436
338 173
499 463
40 108
471 31
236 458
261 279
323 73
47 357
146 483
313 497
233 208
36 178
41 237
216 421
179 119
399 313
36 90
23 262
72 325
38 400
261 384
203 53
495 296
398 444
300 402
238 7
64 79
441 113
443 16
426 290
201 458
122 499
136 440
320 245
487 178
260 151
402 135
445 412
236 126
191 429
239 457
465 294
335 307
410 494
77 365
413 478
97 346
192 81
91 480
403 490
273 453
356 86
37 229
234 100
340 463
76 437
37 334
444 322
118 182
360 378
479 27
143 141
89 486
422 90
154 350
81 181
13 295
333 12
281 115
463 88
324 97
118 489
417 451
273 80
3 429
434 355
14 15
407 37
461 9
479 460
346 471
127 254
103 413
150 362
2 165
2 456
291 63
401 283
280 47
276 60
362 388
350 32
189 159
255 14
109 308
379 471
143 64
164 266
197 6
175 431
71 388
188 284
141 17
233 62
389 488
192 146
329 402
445 119
258 133
256 338
388 29
371 111
167 219
459 400
470 125
111 447
339 455
310 287
435 326
479 139
11 17
176 105
399 120
371 345
121 237
398 27
253 183
102 50
219 406
375 6
302 25
102 281
373 207
20 450
413 463
78 164
51 260
428 476
45 312
29 210
385 112
472 406
179 425
146 314
65 153
330 48
2 383
80 316
295 360
406 296
197 348
440 41
396 454
90 144
440 358
237 224
443 263
197 154
58 117
414 31
11 333
405 85
165 85
433 239
115 188
433 435
313 71
366 7
448 428
240 254
443 127
159 29
426 295
272 200
398 111
71 134
408 412
335 393
424 423
411 33
381 393
2 353
4 453
23 166
285 343
11 210
308 125
222 190
121 269
102 180
46 338
453 385
61 497
53 102
292 85
71 170
324 258
461 129
109 65
91 313
14 405
4 362
9 481
240 405
409 149
486 477
110 446
460 184
327 228
400 212
88 327
113 415
322 61
263 9
321 20
59 90
134 7
37 328
337 46
291 245
190 203
156 201
161 4
36 398
82 108
233 198
462 172
88 410
390 479
211 470
216 481
323 312
263 254
423 383
400 180
435 451
454 303
73 347
182 367
192 349
96 179
17 3
318 2
387 5
161 165
444 85
193 234
116 262
243 213
284 188
191 257
472 442
13 38
375 145
116 391
445 310
140 432
395 436
199 124
333 290
431 22
107 27
328 24
101 46
439 324
22 294
304 163
418 311
344 412
367 394
439 492
493 76
71 83
476 11
17 479
43 211
90 365
199 237
45 169
222 497
261 206
91 22
7 248
311 21
251 316
309 130
380 458
84 463
412 225
354 12
123 473
206 278
496 29
457 186
389 225
90 439
182 352
178 326
425 490
186 172
94 57
445 25
122 212
312 218
372 300
285 439
344 65
489 333
329 451
12 421
313 492
463 439
346 56
472 212
423 444
193 185
425 167
131 428
317 308
36 206
156 448
350 125
3 266
70 388
145 441
461 91
207 386
57 274
192 83
352 120
263 374
294 414
74 75
320 480
99 296
318 329
98 260
141 278
387 154
170 499
253 56
325 202
319 336
176 413
3 224
256 481
384 161
282 61
283 198
335 64
174 27
404 445
29 427
344 129
375 317
201 163
216 19
59 357
73 142
393 87
122 101
400 23
352 257
110 13
82 222
397 213
423 249
45 305
79 286
128 187
484 457
27 236
272 338
481 171
483 71
194 124
129 17
90 16
65 37
390 59
251 412
136 24
364 282
323 267
87 326
374 272
243 458
105 203
321 246
237 52
365 106
498 214
473 179
371 48
390 114
293 306
476 229
331 63
415 67
150 65
46 146
50 304
436 41
314 124
160 307
288 385
153 368
355 311
258 122
270 406
156 204
355 128
373 489
434 373
136 14
486 285
217 443
301 327
236 434
80 340
241 472
53 359
165 96
229 18
10 424
375 452
135 3
413 16
402 206
301 169
301 175
34 320
307 59
125 473
12 493
153 304
355 268
435 97
457 424
336 86
110 168
80 5
348 388
270 211
99 237
98 408
36 113
383 92
346 276
122 472
362 299
434 267
58 486
16 436
367 292
22 466
103 48
338 451
371 441
407 61
209 253
369 242
333 40
162 236
183 232
119 223
63 374
227 75
44 52
485 432
172 344
77 393
176 368
177 36
470 183
57 170
471 151
48 257
86 203
322 290
156 440
409 244
419 251
470 379
468 201
261 494
29 484
280 139
203 275
461 149
191 92
177 215
291 131
275 43
91 196
487 469
325 434
459 274
381 96
465 125
177 291
464 183
387 323
377 173
260 421
420 4
386 492
209 142
453 400
499 361
4 83
19 404
290 475
404 381
156 283
233 323
92 301
166 247
480 423
142 116
338 172
192 28
38 431
77 71
226 273
485 348
121 160
24 360
101 171
360 2
118 310
18 188
132 364
289 28
102 172
103 437
491 141
27 186
475 44
362 381
194 301
216 498
71 500
472 478
463 417
193 252
115 366
201 399
488 283
471 307
168 242
286 395
81 432
467 60
144 181
331 244
155 127
493 268
351 35
330 486
108 303
179 301
367 336
100 334
160 263
446 460
430 19
271 465
249 335
361 424
318 464
92 193
89 422
247 207
180 67
440 283
82 23
338 463
375 106
242 443
186 484
39 499
115 418
474 86
125 228
218 250
345 289
323 180
251 354
243 137
113 46
134 111
395 458
344 224
403 265
147 268
264 74
115 277
92 111
293 105
270 52
369 224
94 315
251 53
318 126
474 33
130 373
152 312
78 46
192 371
21 400
207 252
475 181
475 403
141 438
238 282
225 342
2 151
386 484
53 400
117 196
41 173
283 56
71 161
258 103
344 415
180 129
428 283
271 115
457 48
168 199
261 335
57 320
176 384
475 105
219 243
297 258
178 129
410 195
449 73
58 49
426 20
208 240
146 183
480 275
399 6
123 442
139 129
218 130
1 260
308 219
345 408
267 201
116 326
215 377
293 304
426 198
323 133
343 103
7 223
389 430
246 162
76 267
196 141
380 262
85 70
487 405
357 166
135 475
56 114
363 87
222 145
154 76
497 193
277 370
53 32
337 54
466 154
174 293
287 204
266 114
78 418
120 241
264 196
74 390
284 86
24 2
116 317
235 277
106 383
245 241
298 153
109 487
29 201
229 291
20 375
31 357
414 269
50 403
73 159
218 270
254 328
287 262
229 394
58 308
181 312
230 149
452 70
461 360
202 22
466 135
174 416
392 182
283 253
419 324
112 11
469 63
21 26
5 436
400 157
298 256
213 433
303 320
213 47
12 406
122 383
266 385
143 204
241 55
415 210
9 409
70 392
183 25
420 273
90 390
378 205
424 35
87 34
226 172
447 169
215 226
47 81
55 99
301 102
295 433
74 321
213 242
183 322
297 284
393 496
353 19
188 368
86 6
384 122
120 358
463 149
292 14
477 382
393 389
83 455
438 44
316 361
299 42
304 5
430 47
498 353
90 267
291 201
334 317
328 17
419 3
461 301
455 317
472 473
17 139
249 19
357 79
243 290
250 329
293 365
396 359
442 388
226 146
310 24
40 80
396 198
71 35
304 200
334 358
125 2
162 103
465 163
75 16
424 421
33 128
357 99
407 393
63 481
116 80
211 460
192 460
50 162
246 402
441 107
445 289
105 17
159 113
413 468
170 312
129 91
412 85
238 293
289 347
51 115
215 285
161 398
182 59
358 220
116 244
112 436
412 377
379 475
298 61
360 28
115 220
348 463
414 222
131 124
499 383
51 13
425 272
135 248
497 12
253 24
78 102
399 241
174 278
68 405
404 212
314 25
281 469
488 4
246 3
55 387
279 394
223 399
65 361
353 246
112 306
20 203
77 251
6 120
288 41
130 159
264 68
23 418
221 444
50 72
262 71
12 132
231 7
167 204
477 190
389 163
155 18
271 385
221 471
218 447
295 200
258 261
77 399
162 52
164 329
242 318
154 409
148 135
244 499
140 245
302 187
239 297
27 420
477 119
329 385
26 366
304 389
340 242
43 186
156 491
33 279
155 280
329 380
426 169
56 150
474 220
210 200
359 53
185 55
164 4
41 438
460 382
224 496
403 196
159 398
96 50
418 149
344 269
114 309
176 425
226 76
92 431
204 443
354 20
13 474
122 450
352 26
140 283
406 100
226 384
156 323
37 483
258 467
132 101
429 409
133 186
212 293
47 422
7 469
474 213
406 426
122 320
268 121
394 110
240 493
367 357
142 449
128 271
496 207
356 44
442 151
75 341
414 277
315 224
46 331
171 48
220 165
238 399
288 62
201 127
206 373
330 262
109 74
138 407
471 349
398 55
184 38
267 43
419 259
46 341
293 156
315 120
483 443
345 88
101 159
144 19
36 126
314 128
416 326
472 487
437 428
206 134
64 336
458 287
115 299
34 270
81 361
349 305
418 323
168 478
402 289
19 301
267 452
464 17
441 98
38 290
347 373
36 382
419 229
298 32
265 4
8 189
103 433
154 87
270 235
65 399
127 135
250 322
300 499
375 169
484 193
106 410
32 432
123 476
410 458
156 278
177 323
484 90
448 382
361 339
50 57
190 36
20 359
407 41
8 208
316 108
312 411
284 287
130 197
260 464
459 263
324 71
452 218
130 473
408 117
15 367
308 117
66 242
134 191
171 352
388 389
177 197
491 61
492 286
58 16
134 81
234 223
43 180
43 475
27 291
262 69
161 205
196 1
325 203
86 156
242 188
410 366
232 435
78 144
426 236
132 420
379 228
310 215
465 233
205 284
409 110
287 40
439 131
404 319
180 433
396 1
158 471
97 175
395 173
233 174
90 329
35 351
413 97
139 390
179 324
378 382
77 412
184 417
266 282
265 488
185 54
295 354
497 224
291 206
353 353
487 390
364 199
5 404
160 289
332 16
319 285
160 272
378 238
6 103
450 66
463 258
141 496
486 287
99 214
18 36
206 487
254 384
93 487
261 352
161 92
97 339
52 177
325 172
36 429
54 338
396 89
78 93
328 194
76 340
329 393
178 466
393 430
403 104
437 13
211 67
297 457
405 202
94 493
325 231
438 120
378 21
230 304
403 432
402 320
43 285
340 24
329 9
494 465
75 271
128 162
76 275
266 192
123 124
149 397
433 451
289 234
122 307
109 59
281 451
12 24
216 97
37 416
259 307
225 253
302 111
461 150
213 93
357 105
158 295
77 301
197 466
354 268
424 37
431 123
367 457
46 240
357 392
172 64
320 339
11 429
83 86
467 54
79 201
92 84
488 226
261 479
197 369
421 45
494 451
405 488
389 248
61 215
378 463
254 431
472 269
206 24
16 283
37 202
279 178
95 11
418 53
182 486
220 386
211 188
43 91
276 113
29 367
180 47
331 77
5 366
192 123
26 10
3 53
399 472
41 373
242 198
209 331
137 59
141 402
340 38
111 261
183 134
436 479
3 251
119 278
24 378
196 105
290 256
458 247
40 87
464 489
296 193
354 370
235 471
490 393
88 418
63 308
389 463
456 209
295 213
471 208
496 154
249 323
133 323
75 301
218 384
191 131
325 456
140 354
414 180
64 442
325 132
373 430
332 483
31 58
215 222
491 378
63 32
23 484
266 255
251 298
192 361
49 43
191 217
42 458
430 2
16 420
204 89
96 122
167 113
222 382
447 60
77 498
147 331
278 223
426 278
104 187
390 186
230 376
397 96
213 382
56 6
249 21
172 216
295 254
388 248
367 412
317 98
313 61
494 14
147 398
11 68
352 416
455 344
167 343
48 485
408 179
170 378
292 360
338 121
450 242
28 282
410 448
320 148
438 375
483 38
149 407
475 327
150 484
454 331
440 325
435 40
459 161
479 90
387 476
134 145
484 132
448 370
308 419
73 156
106 201
441 151
257 71
260 237
444 144
135 416
157 242
89 133
368 424
359 494
408 488
176 193
153 150
353 262
157 441
232 310
70 264
464 232
230 493
489 481
348 313
397 218
427 477
209 419
246 315
275 478
51 124
302 351
20 427
132 265
450 413
447 479
343 393
196 379
252 491
167 162
227 422
271 394
79 79
314 12
396 393
276 258
361 212
69 363
377 310
24 83
471 386
476 118
309 248
118 134
448 191
326 268
162 473
342 303
496 143
79 70
460 289
222 44
116 443
374 392
57 74
306 114
265 423
127 127
85 159
112 187
466 329
449 481
343 428
135 303
344 475
127 430
472 206
282 182
333 323
305 117
104 103
322 188
200 342
494 34
454 88
434 483
331 100
189 19
425 225
433 256
4 493
323 301
32 141
188 420
155 83
74 491
435 6
33 194
333 191
479 196
38 272
129 428
166 4
62 404
141 385
140 500
5 97
498 268
157 194
265 455
123 342
67 283
280 21
6 26
453 112
376 394
404 45
253 194
2 125
342 347
189 312
237 490
410 269
106 216
297 431
10 53
282 250
382 440
36 196
256 66
285 162
164 378
388 477
113 111
264 70
226 81
221 114
406 14
205 206
456 93
91 490
355 315
458 282
343 140
437 17
181 350
96 36
305 89
382 365
79 381
187 252
39 273
99 268
471 180
1 413
317 348
3 63
346 59
325 348
184 23
462 183
260 466
322 400
74 40
435 377
268 83
465 431
440 221
167 232
208 45
88 149
279 396
55 5
189 164
208 73
398 411
445 433
380 239
422 297
481 68
498 82
27 394
82 206
287 178
491 58
377 330
123 69
115 466
10 110
183 433
49 136
356 370
372 450
43 393
427 272
170 291
255 70
308 445
138 403
366 114
101 369
51 132
256 101
461 108
458 159
246 5
148 333
244 96
285 436
31 10
468 394
343 440
330 310
467 315
338 72
459 199
188 25
113 306
419 197
174 355
322 239
374 368
286 60
160 180
437 321
225 464
229 271
229 264
276 249
286 172
226 27
350 215
34 103
21 270
102 358
290 89
487 500
398 47
55 464
299 407
204 262
31 411
354 233
122 42
81 124
147 424
411 27
380 287
25 114
171 458
388 253
62 405
238 47
30 470
170 173
293 235
122 47
474 38
44 297
284 359
374 194
390 444
336 325
37 109
53 176
358 447
353 135
170 160
374 311
360 153
350 18
307 43
447 313
306 334
85 410
491 369
253 352
138 465
354 424
278 485
317 118
254 451
446 391
316 252
448 259
166 160
6 482
476 319
379 491
52 353
469 112
308 372
374 372
408 392
480 33
460 298
190 250
221 115
113 123
269 345
454 178
101 475
165 138
34 279
256 24
455 489
217 168
338 76
231 264
160 275
482 337
168 446
481 30
420 306
147 69
493 367
242 426
71 413
431 88
458 137
467 359
321 409
164 394
497 222
54 227
196 358
424 130
347 125
478 21
26 208
89 82
350 127
343 124
395 467
222 478
117 190
325 230
122 223
33 437
327 410
484 244
349 135
481 388
376 247
70 42
324 326
343 76
280 346
443 102
374 307
216 62
438 262
270 348
443 336
125 72
393 111
68 233
180 449
270 245
70 480
17 244
193 365
218 178
234 329
76 225
368 27
114 418
133 321
248 393
239 309
416 274
391 416
388 315
57 252
137 394
188 100
221 241
380 185
435 185
240 140
100 456
41 442
487 403
277 28
230 11
333 446
492 45
96 262
474 36
30 196
353 463
348 37
208 428
82 6
53 182
441 356
178 391
136 400
345 254
111 166
190 198
54 15
295 191
131 71
404 442
256 10
345 312
486 424
72 109
36 88
43 489
321 149
332 283
493 345
107 242
418 71
204 435
462 197
273 413
286 224
117 497
455 399
195 477
492 215
364 286
124 239
191 280
261 301
98 288
377 490
154 176
185 321
442 22
198 99
344 289
494 495
270 499
373 216
393 374
354 241
114 174
236 326
79 232
276 51
362 11
352 354
328 126
395 387
55 484
82 204
48 139
154 374
357 72
43 13
202 366
307 323
225 56
356 6
284 10
144 392
118 161
287 138
252 481
336 499
327 132
34 137
104 281
55 173
179 233
473 315
156 146
3 66
299 135
106 375
136 279
61 479
82 497
352 298
322 46
406 66
115 406
269 172
435 111
187 500
376 352
411 74
215 494
142 488
79 193
22 467
214 135
14 402
157 14
134 334
276 346
105 341
2 82
374 221
232 372
205 133
428 126
343 196
32 433
484 367
214 332
13 155
488 461
96 365
108 404
168 233
6 92
147 150
216 112
187 204
108 298
259 78
427 146
182 8
308 11
17 285
419 188
320 237
144 243
164 181
110 295
209 269
70 196
27 463
138 275
232 385
342 85
482 300
216 107
228 24
131 368
462 122
411 359
450 397
499 2
11 187
170 398
142 393
322 310
49 13
233 302
368 332
346 123
371 197
377 491
320 77
244 428
212 62
183 240
251 267
170 320
143 495
421 461
238 207
262 150
282 425
156 362
117 151
30 19
176 330
42 168
395 441
462 393
165 443
22 143
192 370
409 62
118 123
222 317
65 104
445 471
162 408
226 481
363 109
433 17
499 122
81 348
292 165
346 351
440 176
453 20
469 290
213 497
173 39
302 256
441 31
203 490
42 32
92 475
264 409
202 468
135 21
491 461
248 255
389 255
497 104
250 437
37 438
26 11
251 237
494 213
158 262
487 336
205 134
158 54
68 325
476 6
257 453
256 248
433 220
404 284
449 319
7 45
223 426
154 329
268 172
44 235
497 330
342 224
45 5
80 499
346 376
480 298
425 216
9 212
23 199
398 463
160 499
118 497
69 398
363 98
191 354
255 409
496 408
101 121
234 422
365 5
447 75
440 393
9 448
335 269
442 16
256 95
210 347
26 277
202 228
399 71
233 418
261 49
25 424
298 488
3 315
363 85
298 242
492 259
336 308
142 20
313 129
276 170
44 60
324 393
404 227
184 359
187 338
249 57
317 142
475 350
222 176
284 424
65 364
229 467
42 30
134 27
177 288
27 230
125 243
144 65
398 262
117 253
10 236
333 13
48 140
206 288
346 26
129 182
336 231
78 50
37 352
322 117
256 349
368 500
211 203
273 253
20 136
267 269
344 61
453 229
427 6
206 479
177 79
365 127
405 397
452 457
262 12
215 462
165 317
96 235
176 248
251 265
324 493
500 161
343 37
458 463
96 170
100 298
213 198
411 235
85 263
299 171
100 287
166 424
176 435
190 49
491 462
353 231
97 75
367 266
494 360
432 271
133 380
288 168
236 158
168 307
26 473
441 332
292 285
146 165
247 425
112 18
325 246
167 223
420 428
438 4
224 313
180 123
41 25
271 307
183 346
46 179
447 273
209 172
338 2
236 120
305 487
282 325
402 60
5 306
134 184
439 213
467 416
16 474
446 42
80 124
239 427
352 241
282 125
332 9
460 50
115 306
33 105
172 90
319 129
360 115
383 17
31 149
361 108
460 36
62 82
6 444
345 390
369 112
500 365
67 31
178 269
110 234
128 51
430 280
118 305
211 315
352 469
295 218
267 247
133 163
264 174
22 270
310 23
102 193
453 318
449 409
214 390
409 490
9 459
360 186
54 73
394 76
487 187
466 196
314 63
464 262
314 427
333 338
347 17
42 305
265 413
481 23
442 210
318 179
97 438
290 97
310 452
235 4
251 396
60 333
500 17
69 141
277 340
351 299
194 434
322 196
110 414
273 285
22 427
253 353
426 319
286 228
57 460
30 128
118 477
114 289
425 245
30 231
172 382
319 305
342 7
471 397
141 435
269 433
338 342
319 377
326 144
312 125
186 264
420 92
128 163
88 364
355 155
417 468
428 311
125 434
366 436
305 236
162 295
418 332
382 470
110 133
361 92
16 289
101 304
454 239
303 97
98 168
53 134
465 430
416 382
150 173
429 127
450 450
483 216
54 187
499 36
437 114
3 293
84 283
347 12
154 256
264 94
42 437
187 483
499 133
230 191
398 75
395 191
482 239
1 372
171 44
282 110
152 432
197 213
446 367
368 311
281 252
461 283
406 372
196 46
272 486
428 34
78 208
5 88
462 195
419 390
20 339
123 109
150 210
345 28
306 274
244 36
399 405
280 244
182 86
59 387
352 156
186 51
196 47
368 247
155 51
339 317
278 421
470 162
456 49
423 146
387 435
4 164
69 43
309 91
351 470
311 284
87 402
139 77
32 415
268 62
183 184
128 317
38 471
166 133
42 44
9 211
242 453
9 120
161 58
158 9
29 92
116 347
372 282
48 195
372 388
191 418
126 305
109 270
55 345
469 444
458 83
83 58
239 444
46 133
437 415
442 265
139 233
493 387
104 342
72 287
438 319
325 450
355 399
156 121
300 76
108 131
160 322
298 405
231 379
404 167
193 93
355 332
251 482
143 467
484 294
451 192
152 147
29 292
103 265
380 443
328 325
344 254
182 230
94 415
489 66
308 58
5 75
84 199
364 132
187 84
401 344
206 45
284 329
77 182
256 97
478 264
430 81
203 382
296 82
69 362
286 497
42 350
458 234
421 23
234 473
217 47
187 139
20 115
372 462
155 158
222 306
80 425
365 132
175 15
496 369
396 459
10 484
268 314
33 230
312 281
214 253
233 385
456 47
266 346
302 401
116 155
87 18
379 336
406 179
306 475
178 378
106 31
98 474
124 494
131 76
376 73
493 101
38 133
498 282
288 324
393 251
140 31
159 36
324 498
343 279
24 3
76 391
350 271
181 134
238 365
459 323
260 85
351 170
218 145
236 223
335 161
61 11
44 88
307 338
42 60
56 392
138 430
78 338
452 463
485 472
260 248
231 108
34 467
333 349
195 221
141 355
15 151
192 279
409 200
205 465
451 468
77 198
493 57
449 16
289 250
211 462
165 227
325 78
55 78
498 460
387 333
193 32
195 350
87 414
485 400
285 400
38 28
26 457
161 279
227 68
259 375
429 30
284 65
384 368
411 446
96 281
190 423
306 340
376 86
29 208
222 373
149 73
210 394
26 459
223 65
136 128
191 334
11 350
140 376
399 418
428 110
412 184
74 104
472 358
10 146
1 173
42 272
140 47
378 86
48 121
384 13
340 494
167 408
260 28
270 111
315 171
401 403
218 294
153 473
111 164
424 176
22 118
332 124
374 227
196 427
214 451
349 138
419 359
187 140
273 42
441 109
167 441
495 288
232 354
204 352
447 227
475 137
229 175
351 143
5 207
255 57
323 143
466 82
498 29
328 282
198 493
221 224
453 56
403 251
71 179
449 485
431 5
431 347
421 382
350 441
185 259
209 7
116 27
56 105
114 125
104 371
343 376
257 470
224 273
174 426
13 99
115 177
191 151
43 469
11 479
197 405
324 299
297 205
266 486
417 305
464 76
469 74
331 140
97 186
198 135
331 303
138 294
70 361
388 392
379 367
54 127
380 306
449 471
472 321
134 253
215 218
75 58
159 274
353 115
247 465
48 440
314 268
248 145
165 34
269 440
443 283
210 262
222 342
56 366
350 148
342 118
456 119
401 38
99 99
178 458
278 373
233 439
229 285
448 391
209 371
265 199
422 230
349 385
72 281
419 191
352 216
57 284
95 361
174 380
31 407
317 277
287 275
205 245
16 46
210 69
168 41
40 191
285 399
492 43
269 338
431 18
294 187
85 356
335 418
350 225
27 41
484 7
40 195
366 376
231 103
193 438
282 38
372 340
68 42
343 283
121 405
300 338
94 413
65 310
288 452
440 158
140 143
326 290
42 351
27 16
337 7
333 107
408 333
58 306
64 240
142 55
83 428
434 382
46 32
372 152
170 25
455 329
297 357
168 241
196 346
44 356
236 296
40 392
240 357
204 245
404 323
332 195
230 310
377 453
299 28
55 346
5 238
285 269
44 284
470 23
32 198
456 315
368 274
470 292
283 30
203 487
464 479
21 438
145 172
235 192
364 192
181 19
82 257
75 233
204 401
41 281
483 475
148 84
352 144
467 325
83 331
209 184
190 448
163 321
261 215
101 365
275 139
220 374
382 56
433 303
233 453
147 262
155 161
234 237
44 113
22 463
234 221
216 235
77 331
163 52
167 55
56 342
86 82
264 192
302 430
404 165
37 284
459 49
279 269
191 323
303 303
95 323
357 381
313 229
396 267
412 36
286 437
312 396
214 147
229 477
299 33
384 364
247 211
322 16
155 490
319 166
303 403
290 234
276 251
55 226
21 342
358 248
404 449
42 265
144 329
155 458
114 425
378 336
83 9
231 196
229 435
236 197
64 450
59 276
229 366
300 148
49 77
471 276
181 74
372 146
202 353
388 143
318 203
435 31
102 111
183 195
94 307
90 58
131 228
325 460
73 27
482 302
343 178
190 232
169 215
424 164
308 100
297 162
445 89
45 207
51 145
265 207
298 480
6 151
340 98
171 173
322 25
4 354
97 253
316 71
34 351
387 138
1 489
243 255
3 164
402 311
492 197
115 464
167 494
156 294
147 302
104 185
45 250
397 437
208 149
492 87
250 115
443 149
227 194
263 244
438 336
98 150
291 454
78 254
210 86
253 273
472 268
377 245
464 471
301 457
80 327
249 212
313 401
239 458
277 25
82 126
109 356
470 499
90 405
50 426
17 114
80 430
379 175
72 16
427 195
370 136
342 415
346 243
150 302
273 166
451 53
480 200
90 284
282 254
189 138
81 383
377 325
198 217
162 289
281 300
307 326
256 286
132 147
497 241
291 1
365 4
17 2
203 383
215 437
400 140
27 99
256 199
244 378
429 19
361 284
223 400
462 379
58 256
158 47
6 427
387 370
280 311
165 498
402 20
409 361
357 226
437 301
287 257
443 1
358 8
375 160
404 342
495 44
97 14
166 342
363 136
58 298
93 453
103 140
161 231
237 295
220 273
401 355
492 4
231 142
99 80
427 273
255 133
353 140
314 175
33 115
311 3
192 335
323 179
487 22
496 86
271 205
218 301
362 10
5 499
12 302
348 411
278 80
473 287
97 52
109 223
279 441
164 396
180 97
452 176
206 201
35 111
354 217
140 386
36 82
140 247
378 412
217 128
347 162
280 8
255 280
233 387
498 89
200 366
344 191
123 261
95 369
5 319
294 286
467 339
288 132
120 456
202 485
210 196
12 103
413 135
12 331
124 310
90 131
55 401
98 332
329 408
193 328
286 116
260 251
398 322
482 500
278 401
156 443
274 295
265 398
35 367
307 206
431 310
204 42
282 303
246 325
88 264
55 272
84 448
120 17
424 202
224 220
147 185
386 49
176 477
385 155
233 307
106 486
68 486
182 345
161 155
7 374
152 4
273 41
64 226
258 489
117 113
350 116
486 35
321 263
120 438
330 461
13 22
382 149
477 391
290 145
205 124
74 474
307 109
303 180
294 75
439 210
208 179
423 325
211 48
290 275
90 482
356 8
498 156
279 486
351 459
308 307
279 38
422 492
13 348
398 245
302 398
264 473
291 193
446 393
62 115
408 416
188 146
115 138
191 210
402 149
140 122
112 1
32 419
171 114
81 66
330 40
183 442
193 349
235 228
10 96
369 332
358 63
41 10
15 352
309 235
263 434
281 136
172 120
466 184
286 250
434 409
363 278
392 392
308 288
385 234
366 9
168 259
349 12
192 191
195 451
259 402
108 139
101 386
283 383
227 108
341 486
83 234
487 388
84 268
379 227
239 253
422 142
398 477
2 398
202 115
289 366
138 339
493 20
64 366
179 144
348 326
467 6
46 157
415 130
468 174
23 263
438 360
282 216
254 1
451 350
119 353
231 198
153 179
221 57
125 157
4 291
177 87
85 362
208 242
241 426
313 100
247 453
259 321
126 310
14 269
293 224
27 53
322 284
221 300
83 483
355 386
473 478
289 453
465 459
131 277
234 219
113 18
98 336
310 472
479 9
108 469
452 21
201 290
23 76
295 131
93 78
265 482
169 77
63 484
177 219
405 181
34 373
178 146
309 390
466 408
401 290
106 16
4 383
182 33
121 144
161 479
276 103
399 386
413 76
415 243
229 87
431 239
362 41
210 219
160 93
52 152
402 65
96 455
241 272
297 378
333 444
210 456
339 133
193 188
331 477
229 286
384 119
479 310
269 148
22 349
43 64
420 158
386 409
473 438
263 117
495 152
352 186
16 50
329 455
449 162
27 319
99 233
425 38
57 232
336 292
445 488
64 11
260 441
77 240
283 206
126 46
8 316
437 224
255 78
116 217
175 245
213 304
311 416
376 495
95 408
206 445
41 235
21 129
445 163
2 15
329 96
23 153
346 60
466 61
113 448
26 153
437 97
478 41
36 416
340 363
115 176
331 238
339 462
426 300
268 137
12 64
280 310
142 255
254 377
494 30
116 457
381 274
191 248
187 316
385 413
359 70
105 144
13 237
70 246
464 234
447 336
498 429
476 389
216 182
281 313
281 411
51 147
356 413
3 455
361 205
26 103
47 49
455 263
273 5
178 178
79 480
464 39
468 172
446 440
9 218
143 273
104 162
315 277
460 205
19 167
362 233
410 252
414 470
236 25
435 11
20 277
317 265
287 104
30 216
116 334
344 324
289 403
31 380
16 208
423 316
312 286
461 379
18 191
32 13
488 455
42 456
381 418
115 488
350 339
111 140
234 430
65 139
165 365
465 265
366 490
84 67
195 472
172 199
234 408
220 60
450 194
210 328
116 157
401 281
355 100
366 279
257 118
327 255
43 203
334 31
288 75
456 456
352 4
26 396
209 325
339 313
298 446
149 283
475 9
319 48
265 382
176 275
66 346
175 486
277 421
233 121
402 91
275 357
264 461
461 199
8 441
433 86
176 340
239 390
281 455
52 148
39 160
139 459
149 273
151 211
241 411
153 80
378 108
407 239
402 41
228 299
114 56
435 312
404 166
255 192
247 258
427 332
399 5
347 209
57 386
265 63
79 330
301 118
316 129
357 349
68 154
478 85
180 372
333 461
283 230
185 260
266 405
392 244
477 247
376 63
486 42
114 271
385 281
361 189
300 188
347 383
423 37
380 485
448 351
102 495
231 70
446 343
326 457
218 314
119 75
410 49
306 86
287 189
18 158
183 114
39 324
364 256
464 150
22 25
272 135
486 500
343 349
364 1
18 469
346 6
28 203
204 168
28 486
128 308
105 111
411 50
340 307
66 463
371 295
334 469
247 259
224 96
367 216
451 235
361 185
11 217
282 411
201 287
9 119
407 450
204 279
487 35
278 488
378 200
68 328
361 301
174 31
159 2
71 277
289 101
206 279
93 491
499 82
276 72
480 65
59 386
327 478
182 58
311 239
405 327
300 108
109 4
112 425
180 182
186 155
49 395
192 106
294 346
97 189
21 177
448 457
430 339
90 150
496 123
208 266
496 82
178 21
458 495
52 451
423 297
73 368
441 493
140 427
336 331
51 188
148 296
102 113
324 187
330 117
284 74
115 84
222 135
169 39
137 221
270 237
47 193
262 335
252 244
353 164
42 114
230 121
102 399
323 65
308 96
99 108
90 244
33 146
439 490
56 322
427 122
148 142
418 66
359 8
74 326
256 44
480 71
296 24
255 77
195 29
90 306
38 240
157 178
495 234
100 316
66 201
34 423
25 360
49 49
404 76
21 498
154 493
498 329
118 397
491 362
248 23
422 191
151 330
13 468
429 279
172 310
338 164
377 488
188 325
52 25
488 158
197 114
499 41
129 154
454 50
53 374
208 205
209 165
201 477
110 318
113 352
453 63
359 417
131 221
474 26
437 124
253 130
381 465
128 489
330 415
229 90
277 218
268 85
482 66
195 250
63 161
410 365
70 260
428 402
298 178
402 471
40 481
316 150
324 232
194 295
156 136
359 21
468 215
154 308
347 492
88 372
382 46
222 240
122 195
249 50
499 190
161 63
296 208
454 105
61 241
76 232
498 150
126 244
296 358
57 100
183 437
475 81
143 226
327 116
185 215
228 429
117 130
145 7
74 374
185 270
364 496
235 3
54 326
271 262
312 369
400 452
493 458
395 50
422 350
293 267
160 454
42 373
337 87
309 446
318 435
59 313
471 283
39 251
75 272
129 409
214 315
220 373
142 243
257 323
191 348
417 51
347 446
286 98
443 108
166 66
108 337
355 379
105 441
451 411
335 167
192 37
57 143
289 304
69 75
39 379
214 93
65 176
247 177
115 16
