5000
39 460
169 329
426 195
112 174
56 17
87 301
493 465
479 294
89 103
210 33
101 80
194 289
262 491
45 1
263 339
332 302
298 353
482 75
47 93
100 102
461 186
403 453
2 233
98 90
335 307
123 436
239 168
224 352
158 268
352 420
458 184
73 107
36 407
181 434
351 281
35 312
318 289
116 320
22 214
261 208
372 235
143 462
402 218
314 411
338 165
183 147
200 107
254 87
13 434
20 364
66 407
27 384
195 142
55 68
207 315
276 431
50 270
392 451
340 205
214 177
222 396
323 273
2 76
360 15
362 379
230 427
285 256
162 332
249 216
399 456
31 26
386 432
296 277
234 135
334 447
163 407
342 337
179 344
265 390
210 126
269 291
404 405
398 418
236 146
133 487
453 15
12 338
298 159
467 32
145 152
478 307
410 320
144 88
15 260
478 76
237 98
366 140
354 263
57 442
260 42
428 213
408 291
50 206
450 368
237 94
371 66
253 280
237 248
368 103
7 197
178 243
146 395
234 351
157 143
292 269
36 71
481 443
362 382
500 163
250 88
256 120
154 360
400 390
107 119
493 113
167 22
207 164
417 441
14 425
83 306
193 118
228 173
412 89
55 412
251 304
499 359
275 152
218 26
394 325
144 238
289 162
259 496
325 175
436 339
100 370
496 144
339 223
317 250
164 371
161 266
26 12
124 152
15 194
178 408
370 321
497 10
483 256
5 159
282 292
497 233
13 344
377 351
419 193
101 82
415 113
199 440
124 323
91 139
368 268
398 89
441 395
98 275
150 455
433 283
246 282
16 111
125 392
461 395
84 61
328 350
174 27
289 149
201 231
287 68
351 185
8 143
431 105
417 80
59 349
214 157
130 229
267 107
120 79
353 55
140 181
404 165
207 44
165 407
127 452
326 329
488 333
471 418
289 387
349 200
87 62
208 69
291 326
27 262
404 379
169 395
411 424
411 117
320 76
375 298
379 52
126 366
236 96
283 377
334 483
76 420
44 135
340 186
460 366
300 215
97 320
110 7
243 20
476 414
447 350
211 325
254 188
190 489
135 324
365 468
158 292
240 54
426 431
91 385
297 390
100 393
61 61
399 156
432 374
69 379
76 132
55 181
319 97
169 306
272 386
125 430
29 364
483 455
295 73
191 443
315 142
335 227
54 85
382 486
311 303
216 238
434 270
418 104
366 438
261 138
175 386
419 204
249 401
10 395
325 52
189 491
194 375
218 247
460 99
84 122
253 151
211 38
421 128
142 138
417 402
127 92
139 45
147 240
297 8
134 474
59 175
464 104
49 181
203 360
132 286
481 384
437 191
422 209
170 415
198 439
168 325
382 307
221 28
46 370
387 31
343 445
205 306
49 106
339 251
465 322
388 446
205 324
488 478
32 10
392 82
300 412
406 181
218 478
60 115
347 446
497 189
390 54
347 290
159 185
40 123
6 428
420 62
103 260
40 487
121 283
68 420
194 473
452 263
302 11
229 149
456 226
189 197
131 35
487 289
71 378
263 428
157 183
490 260
294 381
246 414
163 313
185 209
137 136
323 438
146 52
438 453
129 127
149 259
13 487
399 84
365 161
11 21
195 352
132 488
232 377
253 247
41 437
307 177
72 129
467 217
32 404
21 160
382 22
270 395
8 20
330 224
181 340
97 375
44 228
215 127
105 467
373 497
404 31
26 475
160 492
44 191
247 416
203 129
437 324
375 445
344 204
20 24
395 116
250 438
344 464
65 300
283 289
148 186
320 173
12 331
164 407
373 263
323 427
243 259
251 117
55 94
320 75
469 66
190 70
356 385
386 272
36 168
60 36
205 231
208 216
413 372
475 286
486 297
212 228
55 462
344 462
407 15
36 227
432 77
297 287
314 34
58 201
201 470
236 257
200 444
324 465
167 298
250 152
94 461
379 1
275 74
462 33
440 349
260 371
277 408
158 90
441 215
143 493
184 378
101 236
173 424
200 339
222 301
342 167
113 72
19 239
145 332
272 436
180 383
307 309
290 464
398 82
30 392
426 66
270 378
153 294
301 204
133 374
4 326
41 468
398 59
207 394
391 478
182 422
360 488
230 1
303 480
434 332
371 211
397 492
88 401
286 388
104 270
262 107
95 154
75 344
64 281
90 454
110 271
228 321
258 309
173 60
288 106
243 159
168 492
2 255
392 287
494 496
56 107
454 3
260 380
346 176
160 287
481 121
57 208
441 166
17 465
77 304
70 320
314 237
163 316
343 54
454 337
49 10
443 3
364 55
382 61
230 394
348 210
366 256
270 159
422 286
123 350
441 45
21 107
133 183
274 476
89 227
164 137
88 458
491 451
364 225
12 445
470 359
155 187
466 276
345 239
413 320
89 353
364 461
311 496
496 84
323 84
163 486
72 250
296 63
53 159
139 64
104 460
274 110
146 91
385 491
330 149
310 270
1 25
230 164
372 225
99 47
160 261
384 232
363 179
146 415
338 284
330 293
243 455
402 388
45 138
230 374
286 391
495 138
267 225
301 139
301 252
185 461
12 68
44 374
99 189
140 436
472 469
80 66
423 481
305 320
470 387
45 255
277 40
244 44
264 397
34 416
148 70
228 159
137 271
385 235
459 24
22 282
493 101
347 267
433 152
86 402
38 131
8 166
22 252
61 285
500 94
52 147
163 280
157 152
50 41
238 361
65 112
142 409
64 489
27 497
492 465
250 381
447 110
46 468
213 459
104 212
52 155
358 67
286 14
70 188
407 159
48 323
122 41
83 186
29 109
34 372
425 283
252 371
392 150
190 456
108 145
167 11
152 376
77 437
242 498
476 148
9 23
470 130
416 404
315 444
12 348
168 289
483 419
11 226
68 201
182 27
197 348
38 348
76 466
285 317
464 112
316 324
487 285
453 402
40 268
345 403
467 364
191 301
283 202
27 202
254 208
229 302
407 266
150 334
231 286
150 46
397 465
369 383
101 174
284 140
293 481
395 259
344 85
60 478
138 438
180 243
497 260
377 194
89 459
479 90
5 375
407 225
398 393
499 42
225 393
301 69
329 212
398 467
1 77
61 497
188 105
103 64
150 191
23 128
133 379
355 39
103 316
397 353
60 395
394 285
139 46
205 320
109 102
286 109
31 198
457 218
303 60
282 452
102 304
432 234
182 138
272 136
453 21
340 12
415 234
148 406
131 352
225 240
306 362
200 336
59 9
405 213
68 38
17 21
193 300
107 226
437 378
362 241
250 201
104 17
286 252
422 269
455 498
360 112
211 59
299 269
67 204
482 486
241 350
7 286
149 113
11 437
342 372
177 92
425 132
108 62
235 381
330 190
230 41
153 440
100 452
208 18
155 41
4 247
242 362
32 390
326 43
326 19
266 354
110 42
486 69
104 220
301 285
261 30
326 414
469 277
365 29
294 371
421 149
469 163
362 353
52 187
247 230
206 12
83 167
54 68
88 9
140 240
145 400
270 470
313 90
98 29
470 244
251 243
244 220
405 106
424 308
144 170
389 201
181 472
220 86
39 307
94 178
398 91
430 19
412 94
109 10
475 430
253 225
172 348
296 428
453 219
88 449
388 476
1 421
447 220
6 338
378 452
367 276
42 296
294 453
390 254
314 216
184 66
440 207
266 236
135 218
306 222
18 194
49 19
114 496
90 119
333 468
422 51
95 463
347 388
268 88
494 81
303 29
499 94
235 264
181 221
333 487
294 203
180 343
221 145
338 162
115 22
129 37
72 75
351 270
463 470
209 308
51 363
336 401
457 70
16 137
143 200
402 302
278 474
298 467
136 413
340 116
449 412
191 299
33 5
269 242
312 171
104 147
423 412
68 438
49 210
137 23
146 39
177 275
364 474
94 499
386 433
115 334
196 157
485 229
161 105
322 472
127 277
470 49
189 37
486 89
247 474
111 244
364 287
370 228
261 463
226 146
396 192
332 91
348 316
171 360
420 492
331 398
121 300
446 309
337 283
397 435
256 359
30 120
146 399
199 406
362 276
403 257
468 234
199 167
49 370
27 320
213 209
217 333
361 14
493 49
296 241
483 404
100 364
375 245
262 73
2 123
348 256
231 167
490 430
186 390
151 64
62 363
272 130
48 484
144 40
32 291
281 366
194 232
229 68
328 491
492 181
465 192
436 196
358 277
477 395
167 127
458 80
341 82
209 240
65 204
280 449
495 412
314 40
495 395
460 322
237 451
2 201
142 289
396 352
66 224
246 84
350 56
163 43
137 223
282 53
279 413
1 125
176 167
164 170
61 123
491 297
426 344
497 419
133 245
270 50
468 368
133 170
423 147
212 59
221 345
111 499
258 464
123 433
130 139
103 42
113 445
190 38
289 186
309 273
282 78
322 102
297 306
271 219
304 334
129 24
30 92
375 287
55 349
72 36
487 26
429 452
470 118
341 110
155 149
234 437
227 407
390 375
212 12
94 15
345 74
391 374
165 265
13 71
465 84
458 304
461 386
255 282
355 95
244 10
244 477
298 322
384 187
196 447
198 141
462 42
215 204
267 231
468 131
154 284
66 463
87 26
201 341
308 55
288 51
64 31
379 361
204 262
47 399
61 244
392 22
137 458
225 256
188 44
386 193
327 304
156 414
329 356
106 488
410 393
390 326
275 269
186 478
382 233
377 442
328 120
315 317
77 391
72 264
434 309
309 113
112 464
378 293
171 483
280 432
228 22
257 2
290 443
332 23
27 60
465 206
179 279
22 255
170 445
370 455
106 178
67 69
493 296
361 163
131 493
95 358
14 351
211 155
145 42
177 23
101 141
229 279
272 102
385 293
399 255
247 356
432 166
424 425
461 137
439 443
129 33
152 494
236 363
500 232
256 176
255 209
169 335
487 440
288 372
232 186
478 330
41 409
347 317
185 160
453 124
102 433
8 254
426 95
468 425
327 223
452 433
431 120
267 270
411 406
493 494
92 470
324 484
230 170
300 415
329 104
38 283
36 397
36 313
492 3
237 318
77 41
102 360
160 368
129 423
273 473
416 216
442 91
52 171
113 203
437 293
307 474
75 342
223 462
155 214
316 243
383 393
283 484
104 295
203 232
217 327
56 484
43 497
75 446
19 39
148 456
331 454
281 258
296 3
219 302
216 35
44 98
279 179
433 382
473 135
465 41
462 20
24 356
368 450
301 238
488 448
193 319
402 326
428 49
328 146
202 396
32 245
345 162
275 278
395 99
412 359
139 373
230 15
228 449
464 380
187 452
328 379
122 81
204 49
129 384
46 330
279 78
426 475
91 53
252 486
151 16
344 290
240 426
156 320
374 119
199 412
422 26
143 395
106 198
295 86
81 341
267 211
270 45
186 360
97 289
345 247
304 41
388 396
318 43
215 191
14 413
455 435
291 97
330 248
294 124
334 227
316 100
437 85
144 474
297 92
263 493
339 418
33 78
313 350
121 379
393 486
144 347
420 434
295 101
181 88
225 366
166 392
318 103
329 313
428 125
405 42
117 95
460 2
172 124
351 144
129 498
293 401
431 87
1 463
27 77
329 192
469 498
146 297
310 74
421 214
115 389
308 426
390 332
402 93
475 256
39 456
105 184
356 35
122 356
349 148
433 29
192 401
26 189
49 336
114 321
401 229
209 61
6 451
392 407
395 218
14 285
173 118
468 28
4 90
236 205
89 168
233 132
420 111
321 320
298 434
140 198
14 200
258 372
2 1
130 396
219 144
33 391
113 500
271 469
441 6
173 30
25 257
13 296
367 333
115 16
119 106
214 484
305 323
355 307
176 485
54 394
480 86
136 92
86 406
412 26
263 84
407 287
341 420
434 59
104 400
75 222
5 140
58 310
314 412
468 489
248 21
382 227
107 370
171 44
275 82
69 38
18 328
176 358
247 462
268 202
361 342
276 366
481 333
27 295
96 494
135 344
14 369
422 472
238 444
15 12
378 436
401 395
263 429
104 361
390 223
62 250
65 337
467 45
169 493
191 117
338 326
460 204
46 233
175 283
177 190
146 406
477 399
152 239
327 107
451 216
329 12
317 393
201 136
290 221
128 332
337 318
9 296
21 54
381 195
188 409
236 334
314 212
232 465
302 58
71 252
125 251
116 293
144 316
428 285
36 408
116 373
225 477
20 97
30 252
143 218
160 379
403 473
442 134
289 244
43 211
347 19
462 462
163 457
129 443
241 17
350 208
241 426
184 260
22 66
364 16
135 23
394 37
496 188
22 284
283 416
347 129
434 308
443 448
264 423
390 356
439 91
415 179
16 451
291 389
368 154
405 2
176 150
390 171
337 263
307 471
178 153
452 463
312 394
410 427
316 300
134 255
390 48
285 258
350 75
498 217
228 254
218 404
404 459
426 92
221 84
63 398
88 14
360 399
259 122
177 426
273 310
32 14
210 317
271 59
391 121
276 471
374 345
226 277
304 151
221 24
87 135
274 174
148 485
425 258
106 101
183 230
411 67
244 472
383 14
30 125
134 305
95 8
150 320
136 305
323 356
180 261
342 453
434 489
290 210
98 247
311 133
477 73
199 220
44 81
85 425
57 71
230 152
430 231
323 417
35 497
125 214
257 466
19 43
455 160
252 404
406 414
36 234
338 86
453 233
18 390
158 75
460 239
78 241
469 252
157 3
249 281
68 357
247 438
251 53
97 355
456 3
120 344
429 41
42 447
282 51
373 93
289 450
333 257
111 301
122 179
10 220
116 112
272 213
466 79
67 86
422 154
395 203
46 288
1 179
339 373
271 127
174 455
384 374
296 346
27 269
24 388
488 492
499 259
56 317
189 122
402 111
127 148
165 25
287 165
203 125
389 474
104 62
428 339
287 75
184 313
343 208
52 330
199 51
440 106
367 129
227 120
91 205
119 255
229 405
271 432
382 159
257 485
220 36
323 6
111 6
171 305
65 222
487 115
124 426
220 342
54 298
313 496
3 431
102 231
188 372
14 69
30 270
405 101
158 227
459 268
84 129
424 149
202 410
115 178
336 335
19 241
132 332
237 486
114 338
69 301
62 82
221 443
204 125
44 361
203 354
480 287
334 403
287 35
313 401
64 148
87 83
240 219
266 328
56 379
18 124
32 79
58 104
373 261
81 268
121 452
421 454
354 207
341 166
460 404
165 46
338 257
116 455
84 172
186 453
147 217
31 204
172 256
464 252
23 436
35 144
387 307
97 93
14 289
258 325
45 275
370 382
31 338
337 466
361 374
419 7
442 301
211 113
56 26
365 79
314 251
74 52
57 170
144 422
311 254
98 355
28 468
88 410
157 276
375 17
149 145
23 90
446 85
203 1
463 419
431 128
21 4
179 429
26 175
203 336
428 300
42 307
119 129
216 275
405 442
143 405
87 166
495 32
102 49
384 416
319 315
43 191
170 222
119 195
396 173
382 175
325 275
404 48
70 160
489 212
64 75
229 410
106 183
458 342
98 128
8 141
318 177
214 289
224 461
461 457
135 285
232 467
80 487
14 149
146 2
212 61
77 293
471 34
475 280
227 424
408 234
64 77
263 129
365 338
89 326
294 75
462 377
41 41
363 54
41 360
56 253
273 132
397 243
17 223
374 244
146 133
477 62
210 91
190 74
428 131
251 222
205 213
450 246
253 313
299 294
24 206
398 296
337 294
390 206
368 264
449 13
396 277
426 457
220 468
383 147
98 133
220 302
345 170
399 450
334 50
95 357
255 344
5 444
489 394
149 356
9 449
368 405
77 146
213 296
113 95
295 210
80 14
363 424
35 114
225 220
163 319
429 417
14 433
360 2
326 360
357 335
308 77
91 237
222 155
384 334
250 178
395 329
44 109
104 78
222 181
150 384
351 78
153 365
10 364
366 187
224 223
373 383
299 315
119 372
470 3
32 451
251 75
59 206
5 281
386 154
16 237
231 168
453 92
32 318
130 107
392 3
489 42
169 460
413 138
314 469
60 345
271 310
272 330
16 276
462 253
281 329
341 363
497 293
306 380
111 435
338 2
289 178
396 458
137 308
447 302
129 7
499 399
168 270
228 35
397 41
288 177
370 128
39 218
273 196
97 235
130 286
88 419
463 483
228 452
291 174
253 419
32 103
169 200
372 249
234 120
289 373
148 158
353 186
227 125
233 323
359 363
460 446
133 423
429 212
374 71
385 478
341 269
81 9
468 304
257 53
424 46
426 423
55 278
109 282
254 193
456 112
55 416
409 39
190 189
250 415
259 487
392 99
255 324
460 74
480 216
126 255
113 403
177 20
32 137
330 108
248 236
375 157
275 64
345 24
330 456
10 222
406 116
397 365
189 376
433 167
482 45
69 159
64 453
295 216
237 476
176 337
212 50
345 486
466 41
361 295
496 223
368 402
338 265
266 379
492 198
45 474
95 113
484 10
65 130
78 154
106 253
490 169
154 334
154 119
374 366
266 222
88 133
123 278
249 240
156 93
290 200
418 236
164 401
245 81
382 322
234 339
426 75
7 80
260 12
50 485
378 315
206 317
448 180
94 48
420 101
140 61
152 409
296 316
161 392
396 43
66 481
381 491
407 388
70 166
399 120
2 128
286 208
445 233
387 390
133 158
343 124
70 494
33 217
309 193
109 56
235 174
388 468
16 294
355 438
311 105
57 313
233 194
372 29
279 110
418 411
268 112
34 189
106 418
406 266
111 366
174 197
39 61
164 406
207 370
343 369
475 251
33 207
445 404
87 223
14 356
133 133
468 18
321 73
436 78
338 46
443 363
94 481
424 258
239 482
127 81
202 101
332 235
159 276
490 245
498 3
453 130
487 420
499 308
492 434
385 181
331 180
44 425
160 319
182 250
152 160
331 353
113 162
439 271
437 429
368 286
283 320
91 265
429 82
199 165
114 381
344 157
305 356
327 338
105 478
498 435
183 110
448 121
232 384
49 99
21 184
270 287
453 360
52 233
293 102
397 407
482 241
415 287
448 242
124 52
71 473
339 253
82 286
374 314
22 274
264 42
457 386
329 261
245 380
493 390
481 390
148 462
482 414
100 429
7 76
332 78
48 170
330 130
456 55
295 477
329 58
18 137
443 346
398 40
77 242
281 409
483 428
223 464
193 322
244 200
397 76
277 297
245 106
426 52
161 72
28 341
129 398
477 424
95 226
315 172
468 95
432 450
374 154
266 66
328 9
265 76
436 41
372 33
499 149
84 11
220 112
351 349
361 179
124 455
405 438
126 224
384 58
173 257
63 290
174 390
299 439
466 86
331 337
118 181
338 202
191 57
165 393
257 25
72 380
479 328
169 457
51 52
366 75
308 280
217 482
170 367
272 487
452 102
175 70
283 12
123 325
69 287
218 325
163 141
57 141
320 225
449 222
129 166
148 436
446 364
269 115
230 392
453 182
346 127
103 480
139 225
304 207
11 373
383 25
365 291
17 184
368 466
257 496
483 405
283 428
268 52
394 498
295 346
31 140
473 133
119 463
209 275
21 71
147 255
95 364
46 111
47 413
428 156
408 411
60 190
190 179
93 84
28 240
281 58
379 105
42 350
67 250
124 87
172 122
342 266
485 239
229 384
151 156
39 410
418 450
451 108
128 396
43 156
135 323
65 365
280 107
214 346
208 189
285 380
163 126
497 499
216 225
234 366
233 124
127 150
73 429
257 201
324 299
208 310
474 272
175 253
230 240
450 438
281 234
169 443
211 17
293 426
242 27
143 326
150 269
475 75
198 232
127 373
382 334
183 207
457 209
311 187
300 261
476 432
346 496
226 57
12 19
334 105
45 477
430 46
97 405
120 294
488 246
19 221
431 201
280 388
261 90
74 412
202 401
344 48
396 69
456 259
87 289
364 483
117 145
29 214
401 500
359 388
246 377
461 176
429 92
415 189
101 235
240 444
134 487
364 441
98 451
81 461
433 198
457 313
411 358
313 269
97 410
146 57
437 426
500 352
115 33
191 67
267 283
362 252
121 225
192 218
27 272
30 312
321 487
124 231
344 288
352 292
197 349
201 134
274 200
337 388
232 379
306 350
13 167
101 134
244 144
268 233
433 88
219 57
319 414
196 170
205 245
18 257
378 291
457 66
31 188
444 188
38 457
207 490
442 450
134 144
71 401
376 4
488 446
412 158
359 107
179 416
203 48
172 80
191 480
497 221
20 441
260 409
249 466
398 190
415 383
333 338
135 61
341 475
6 104
132 217
62 163
484 265
210 7
196 400
487 193
472 6
485 232
414 233
197 163
274 464
46 458
301 32
18 493
6 24
448 490
240 9
152 75
125 361
81 321
113 67
365 84
424 349
167 189
433 364
352 206
179 249
163 331
280 33
323 286
56 122
127 147
130 278
221 107
490 153
427 102
72 291
38 495
491 204
184 275
419 387
480 97
135 494
427 266
26 101
403 433
222 29
431 204
158 3
310 148
156 88
101 227
230 490
73 72
46 108
346 316
494 325
413 480
170 191
98 48
144 500
480 217
29 263
272 38
265 81
37 420
20 490
498 249
479 71
320 376
178 165
192 24
341 456
355 363
498 452
410 141
452 241
210 332
3 481
369 268
414 258
39 433
247 37
34 77
459 353
453 488
370 144
11 62
451 366
424 448
317 333
441 120
426 150
303 428
130 24
47 395
281 86
328 27
474 213
455 432
417 407
271 286
402 282
200 352
499 123
152 167
308 92
139 233
241 441
12 222
464 59
117 244
496 296
122 469
8 77
252 424
335 22
62 237
155 261
440 5
235 443
172 42
34 310
274 126
250 138
348 66
196 316
309 43
463 283
363 322
359 114
97 45
487 158
133 494
270 73
498 5
15 21
46 401
330 172
26 432
309 225
497 356
392 157
398 354
439 260
175 149
225 272
46 63
281 178
56 51
250 406
55 117
426 452
369 256
123 394
39 431
119 35
138 362
43 35
216 334
294 242
334 18
365 379
433 146
57 488
196 158
245 102
126 171
53 494
278 28
240 316
310 358
202 448
219 96
482 286
429 128
28 263
497 244
141 429
389 49
269 436
207 13
389 332
35 442
326 312
469 65
479 278
274 180
77 344
128 59
482 56
38 361
170 34
104 311
463 493
359 83
280 417
95 169
249 130
110 426
293 430
342 272
59 115
303 136
310 430
46 291
338 83
3 7
116 107
169 430
99 380
12 230
296 459
398 44
440 359
321 232
288 162
355 199
276 10
334 438
439 231
80 276
313 83
135 280
189 303
210 139
182 73
368 478
383 266
373 322
476 194
355 112
314 483
121 499
272 412
229 351
187 393
433 173
172 473
476 233
111 157
306 331
486 40
448 359
362 423
404 119
38 258
230 203
92 203
53 363
114 133
214 152
25 498
325 197
471 300
281 433
308 438
115 294
478 62
4 191
337 407
309 226
164 390
429 108
92 481
470 57
114 183
209 490
33 33
38 355
332 319
139 491
256 254
284 233
167 287
275 3
45 435
229 61
177 9
168 268
341 137
177 454
172 385
296 204
417 333
410 100
151 48
90 259
153 374
343 320
12 118
322 409
52 402
469 228
410 136
348 251
272 24
56 443
260 351
498 176
275 186
307 364
89 139
278 453
108 452
361 11
353 329
91 115
316 290
217 87
165 124
382 424
475 231
99 362
490 225
47 296
440 195
106 29
185 384
333 292
187 45
302 391
373 392
5 188
126 345
197 359
268 171
90 218
442 430
226 382
476 331
262 160
66 94
451 252
138 105
143 362
348 499
401 29
72 26
225 268
237 345
290 326
414 173
256 356
454 333
89 430
163 202
441 81
147 392
184 136
496 178
497 195
177 249
223 100
126 300
219 362
496 8
187 409
32 294
116 485
126 56
266 141
257 207
221 403
98 256
38 445
434 386
139 462
134 214
413 112
365 131
473 212
138 12
472 169
305 88
5 431
495 271
423 104
477 495
358 426
250 248
222 183
133 212
496 119
230 493
38 54
204 27
65 176
47 370
115 52
152 109
322 74
64 150
68 422
427 169
169 500
352 153
211 199
271 340
459 352
332 496
406 36
375 322
63 421
191 177
472 194
137 145
119 201
146 186
122 72
207 290
71 58
294 134
108 417
473 66
268 304
414 25
191 288
347 253
60 389
281 32
435 418
28 53
118 174
91 239
97 297
380 168
206 173
153 165
89 125
231 209
280 496
85 323
283 283
225 458
273 253
362 242
278 452
332 374
100 211
393 157
235 45
322 176
21 52
236 153
47 320
475 181
103 49
374 126
256 451
435 380
55 296
121 332
100 304
57 51
366 302
208 101
346 29
128 219
432 363
371 330
34 197
10 136
113 353
185 399
84 239
47 57
422 146
360 479
196 226
280 403
178 477
283 305
47 214
19 269
43 52
465 404
40 62
139 4
266 175
403 349
266 449
257 39
446 117
17 141
194 148
396 371
477 178
27 375
244 45
144 286
448 108
190 487
21 180
491 286
206 245
487 471
193 243
10 138
211 378
130 404
378 25
274 206
55 152
80 298
48 223
435 496
183 124
334 55
155 324
193 361
68 179
331 112
273 192
249 336
70 231
239 299
107 365
4 161
16 83
310 64
158 245
411 192
220 244
246 227
420 438
87 339
468 269
451 93
461 51
428 382
281 18
180 388
382 35
400 250
469 62
165 126
169 229
170 267
455 89
204 41
280 24
310 230
468 270
132 395
3 413
264 34
152 146
68 403
395 36
464 411
14 121
485 182
350 6
448 156
447 4
197 226
379 6
455 346
127 86
350 355
14 353
500 81
256 246
116 219
156 481
192 492
163 393
498 462
48 444
465 244
169 343
101 475
40 79
412 131
59 114
338 424
466 189
4 221
435 472
292 442
452 483
286 466
227 283
428 274
78 392
370 98
87 322
424 478
253 335
109 163
448 298
87 266
486 442
486 272
413 277
214 217
111 351
182 337
485 461
463 62
205 184
11 143
5 434
120 109
120 80
272 420
377 210
185 363
151 22
134 416
299 199
132 409
49 165
98 33
478 60
446 182
95 456
176 451
389 295
60 361
375 183
280 251
392 464
113 42
337 99
309 135
297 292
396 198
309 345
230 286
404 28
319 350
483 494
300 224
288 211
84 14
393 215
265 284
30 229
178 366
1 476
130 248
25 438
92 254
75 347
281 245
196 116
238 495
339 377
58 274
391 450
488 7
86 17
87 115
234 266
452 234
241 81
333 265
370 424
370 296
270 3
40 317
470 129
164 160
6 221
433 248
170 272
106 107
140 192
221 373
457 173
459 49
105 291
165 327
215 35
122 336
389 162
5 210
290 168
369 147
388 153
246 409
424 351
16 63
395 236
287 351
260 245
400 365
388 416
43 102
302 164
289 190
177 293
251 319
312 119
317 51
271 63
312 46
265 327
460 159
414 247
362 26
343 113
242 230
28 284
183 330
299 472
371 476
116 122
294 280
240 462
330 363
24 141
408 141
319 368
299 85
466 12
110 308
124 203
38 152
486 220
481 284
43 351
111 11
472 404
290 64
366 119
426 241
112 185
381 430
52 32
366 17
43 327
177 19
170 14
285 2
150 328
204 260
338 28
16 127
91 233
97 368
325 208
52 58
490 456
89 207
472 483
34 148
1 62
213 22
428 498
375 429
177 79
40 366
458 55
344 400
139 440
267 464
500 170
21 341
125 461
47 449
295 80
448 296
494 161
169 421
10 44
201 38
474 240
403 431
295 246
330 285
37 448
248 388
117 120
228 242
80 127
42 375
206 489
22 51
1 42
323 362
437 23
399 410
263 301
192 409
398 21
193 435
320 293
322 437
412 402
30 344
28 71
70 85
411 91
136 412
484 458
273 421
333 24
182 95
324 374
3 74
246 47
8 66
339 181
354 251
82 383
446 461
305 15
46 67
457 33
478 440
342 103
212 174
478 394
268 301
119 122
374 216
169 233
133 359
266 486
461 347
220 406
160 376
420 205
443 228
89 272
168 430
226 231
104 203
476 223
356 446
197 81
162 217
314 294
75 431
132 36
277 351
293 288
79 213
344 21
292 432
292 459
362 18
42 317
72 17
39 427
463 235
8 476
451 173
269 378
103 252
413 231
455 205
19 33
269 214
53 61
146 196
371 359
65 264
175 137
281 65
415 95
152 422
70 454
446 190
331 400
442 95
131 396
152 1
280 420
214 184
332 211
379 55
69 296
318 95
160 346
44 311
120 113
264 417
303 447
317 96
41 299
343 192
151 122
464 216
305 147
427 183
201 347
330 371
442 261
320 453
459 216
115 430
328 230
346 482
176 14
77 217
312 419
408 314
392 371
30 196
18 308
231 70
6 60
292 299
173 112
251 131
179 365
412 6
95 109
340 270
123 268
338 286
39 246
452 430
468 333
478 337
140 208
259 497
119 50
296 291
13 398
273 191
115 184
49 61
293 388
182 267
7 20
52 45
117 3
327 84
335 304
273 326
11 31
175 129
80 470
420 93
219 44
135 333
228 183
393 372
422 75
138 429
94 41
473 62
396 299
145 230
454 417
408 464
447 82
445 379
403 216
471 121
259 457
306 338
124 198
489 217
239 314
130 134
464 275
215 418
43 474
233 342
407 29
220 161
244 42
282 355
498 87
192 137
136 253
50 260
450 390
328 40
55 458
25 19
84 240
288 126
65 372
467 472
401 38
132 496
79 265
350 429
203 394
65 339
146 466
98 447
356 277
487 410
234 11
280 317
102 419
295 167
143 113
490 43
151 473
390 81
238 240
9 292
133 426
130 130
391 79
76 98
208 414
8 441
425 139
110 26
410 256
44 52
368 385
446 18
358 335
99 447
426 459
238 58
384 220
39 275
298 115
372 5
28 231
298 304
222 259
182 483
14 77
34 381
462 331
165 201
117 91
159 354
500 395
73 391
169 223
5 392
79 384
475 376
40 48
134 221
30 499
297 63
380 110
393 482
280 409
182 396
351 192
250 203
86 174
93 106
396 449
350 475
184 324
202 223
371 336
295 252
186 444
166 65
53 410
398 333
318 79
228 21
123 329
223 208
3 315
314 398
263 163
224 446
338 426
169 60
113 463
311 298
258 476
215 311
237 112
495 54
43 222
74 165
403 296
372 405
110 37
154 224
51 378
170 240
155 190
151 267
4 461
416 262
288 130
424 24
94 418
430 136
491 355
300 393
3 23
149 464
412 303
188 314
32 357
54 186
46 204
304 49
17 219
162 156
201 85
2 313
429 493
167 80
237 169
102 386
485 13
40 172
327 423
28 232
108 425
287 263
325 303
481 487
311 181
423 194
326 425
6 254
269 24
333 357
45 287
94 29
299 133
200 477
55 79
60 14
355 347
276 179
1 109
17 163
141 440
356 467
216 361
72 336
385 405
192 429
191 286
457 341
270 8
170 325
86 81
190 440
427 318
470 280
426 339
442 418
278 298
384 345
10 308
180 246
212 371
26 254
8 482
94 278
341 115
454 426
196 143
217 474
460 39
253 385
377 47
155 6
196 390
350 205
197 381
451 408
103 476
161 111
310 107
388 2
73 193
428 120
335 496
94 295
34 198
31 262
244 185
267 439
427 468
496 123
348 298
31 451
125 43
413 286
1 152
288 426
344 67
45 178
62 138
324 448
336 207
61 431
243 180
222 169
292 347
14 174
149 490
216 61
276 69
64 63
494 407
129 390
436 42
28 260
341 215
318 402
145 60
81 366
229 79
434 372
425 299
45 425
289 112
337 64
180 400
126 25
306 106
415 94
499 294
353 340
360 22
93 4
81 25
222 161
103 7
32 380
306 76
156 94
188 493
157 219
392 134
96 50
91 362
143 89
7 347
280 366
368 224
221 448
248 294
109 203
301 492
434 106
68 89
199 107
81 207
177 325
192 124
374 282
337 16
222 343
362 2
208 229
77 429
176 325
222 136
379 374
128 312
479 47
252 29
5 185
87 33
9 278
157 382
411 493
397 133
336 258
486 395
338 62
175 365
238 249
353 116
122 480
279 453
378 31
481 382
215 420
266 223
197 422
456 460
267 352
92 454
461 429
348 150
490 375
14 228
123 366
343 96
197 474
48 74
4 381
307 70
300 73
144 348
346 99
307 112
302 398
65 262
326 265
411 168
491 276
395 113
142 89
60 338
414 108
264 269
488 422
338 139
494 481
486 192
431 293
303 232
42 220
345 220
336 255
387 326
31 133
290 24
73 349
213 487
456 476
255 295
250 445
433 243
277 419
211 89
291 104
160 136
323 495
242 61
320 124
45 109
147 118
457 360
456 265
187 62
59 436
358 492
31 135
262 316
194 472
256 484
427 415
119 250
261 361
162 432
40 483
176 349
194 483
113 232
44 23
20 254
14 402
388 275
69 433
98 325
416 25
91 387
126 352
99 287
283 434
345 175
268 20
375 313
2 339
45 398
361 416
3 227
317 390
353 385
174 451
209 441
327 152
355 277
442 489
63 287
163 330
158 389
143 12
227 39
261 440
454 263
166 270
4 18
154 177
320 215
117 498
366 296
301 220
72 243
60 134
381 75
316 390
463 458
401 190
348 161
129 301
275 146
70 278
163 75
454 335
289 423
332 6
218 133
77 141
227 137
275 459
211 90
348 25
399 249
66 246
261 46
46 36
191 467
313 206
393 119
40 34
41 371
39 110
355 468
250 81
456 24
391 18
465 239
42 215
339 460
5 357
134 196
175 299
253 68
269 292
101 309
14 491
270 369
458 19
301 265
395 192
134 211
282 28
426 120
487 385
218 491
94 204
38 268
354 290
335 122
433 435
282 447
426 51
167 235
421 467
352 315
10 485
26 291
12 451
262 498
187 480
341 280
35 378
48 388
20 234
9 304
169 290
250 446
192 268
32 112
235 383
427 96
220 304
239 231
106 500
81 144
331 421
424 365
150 323
252 21
56 260
325 76
401 74
21 92
342 53
204 428
287 482
375 6
285 113
89 242
465 169
385 295
441 160
160 90
334 263
111 390
375 435
317 275
360 190
219 53
94 422
332 380
255 207
238 39
171 326
132 487
346 16
282 286
28 293
227 361
55 189
102 429
123 419
56 335
108 274
239 201
47 71
432 301
129 169
191 151
346 322
138 191
189 271
328 216
63 55
429 469
243 30
398 218
300 305
404 407
78 142
459 124
64 391
424 192
411 114
343 257
287 332
299 475
102 127
43 16
181 471
484 275
500 233
492 300
37 395
58 114
37 17
89 100
259 364
144 169
477 338
277 115
169 76
90 122
202 484
489 234
454 324
8 305
57 500
456 445
394 14
411 282
382 499
234 140
363 377
160 191
66 437
306 86
364 247
59 65
82 47
298 35
370 305
191 278
156 147
223 50
160 133
183 393
483 268
384 197
496 43
388 61
331 45
146 194
143 204
110 224
102 407
110 472
64 300
249 219
446 471
120 457
455 303
349 438
70 232
134 418
478 309
269 476
3 411
179 112
134 281
371 243
104 434
43 352
152 340
175 124
297 129
426 497
418 347
81 404
264 207
128 94
367 397
69 369
307 99
333 293
231 55
387 334
340 281
38 343
121 212
466 417
192 243
413 462
90 493
365 205
51 344
150 418
240 218
138 47
169 322
191 399
228 77
233 67
358 270
410 478
333 375
246 376
118 10
337 59
355 53
115 405
397 265
174 488
482 164
34 150
337 76
401 65
153 133
131 362
254 392
339 438
267 436
313 384
445 2
294 299
54 408
56 302
172 81
290 6
244 175
7 433
251 407
497 255
391 479
116 144
371 306
433 489
241 246
372 37
247 17
336 152
424 243
454 96
323 95
453 419
269 459
351 371
218 199
477 108
104 399
249 36
387 341
281 110
378 379
126 213
31 50
455 484
497 129
78 449
47 198
259 397
421 476
447 397
84 476
489 39
374 89
74 113
430 207
74 307
85 200
371 115
101 325
450 449
453 379
249 352
429 7
248 349
483 47
245 418
22 85
456 395
174 381
359 103
87 433
409 172
484 279
138 436
455 440
384 259
318 132
110 246
490 210
446 472
256 191
241 277
275 196
23 448
77 234
402 15
166 162
38 1
440 176
436 246
115 171
357 284
302 318
382 143
27 327
115 134
369 355
262 144
403 137
443 479
370 197
493 387
358 31
387 150
58 322
247 24
344 103
159 497
421 40
139 299
219 253
433 87
460 46
82 214
34 377
192 403
425 36
141 282
418 27
283 327
200 30
202 43
132 361
39 404
252 30
203 322
282 487
261 93
32 342
306 66
70 349
320 346
237 461
128 6
339 410
333 391
291 386
285 423
246 176
326 350
205 380
171 338
366 431
431 250
125 88
167 46
437 486
392 25
298 19
30 489
280 214
379 423
100 15
345 345
190 22
194 394
402 217
232 119
147 162
368 271
101 34
169 37
372 60
413 21
430 443
9 61
156 239
483 107
254 179
304 443
201 349
189 454
65 420
424 212
433 292
334 33
325 354
422 48
413 334
69 342
128 77
403 136
168 385
242 421
64 45
215 116
394 255
421 458
174 344
21 458
487 207
343 164
60 116
449 279
166 429
208 420
64 375
305 305
147 220
202 213
187 95
468 107
404 493
302 277
303 141
335 145
304 394
112 14
218 412
145 236
340 204
155 403
78 459
60 76
30 261
140 216
207 459
174 110
304 328
386 106
468 72
102 271
466 213
136 35
124 280
270 316
483 277
87 277
339 117
389 479
184 95
437 358
57 240
185 294
197 152
366 298
422 331
362 409
217 338
189 339
153 23
115 370
287 201
499 125
169 239
103 353
334 392
210 390
131 394
35 328
397 400
477 170
82 191
78 299
28 118
489 180
493 103
401 279
155 251
403 324
490 358
176 175
249 237
416 231
130 450
410 378
350 387
47 283
77 124
81 456
94 69
135 86
23 387
364 178
138 118
353 479
475 28
5 75
264 420
306 245
221 215
474 422
453 20
205 29
495 137
336 88
58 470
173 80
209 388
109 346
6 313
176 332
340 180
407 455
451 64
51 171
278 24
445 231
395 149
137 447
329 194
268 354
126 476
241 86
173 98
399 348
430 90
379 188
45 329
251 447
352 380
471 296
462 365
296 425
106 432
223 435
478 490
288 103
318 380
188 490
478 86
190 259
176 68
446 72
397 48
18 100
427 340
395 241
57 190
165 162
473 387
448 450
376 235
404 45
467 444
387 444
29 428
202 56
495 499
479 243
398 349
342 324
188 88
64 96
129 80
110 102
466 57
403 194
144 307
238 110
250 476
405 130
403 106
38 398
456 16
492 353
364 186
28 404
273 444
351 402
23 460
355 489
17 257
34 12
415 271
121 16
247 25
498 149
482 35
398 289
402 390
141 118
427 20
21 199
315 223
100 338
183 454
178 199
63 211
210 477
333 182
345 79
206 342
80 39
376 329
327 129
70 319
246 496
338 118
195 153
341 146
342 23
100 19
73 14
81 134
490 413
315 186
344 372
27 423
262 254
103 88
383 173
406 128
168 95
98 214
99 438
360 440
460 311
310 384
324 242
17 165
155 183
351 498
54 229
272 315
483 226
254 217
398 11
196 418
457 293
131 56
230 342
347 41
152 9
424 327
250 292
492 404
474 194
253 379
422 376
45 256
102 298
472 351
160 168
268 117
312 251
24 42
92 370
434 96
378 210
422 480
1 413
235 475
458 340
353 380
215 398
135 168
47 107
19 207
126 286
175 437
36 198
330 480
67 116
75 297
325 496
128 325
261 362
151 218
201 356
449 268
105 84
435 151
42 453
209 19
239 383
307 126
80 489
105 499
104 31
147 428
379 274
104 491
487 107
60 188
462 9
455 66
444 389
68 485
194 129
355 432
11 161
409 443
149 366
293 104
248 291
31 126
416 487
116 402
93 176
441 406
36 247
471 479
136 390
315 181
18 169
112 29
181 372
323 182
237 467
285 485
257 168
462 172
154 430
425 98
105 366
3 140
112 325
118 99
214 284
279 232
452 242
112 132
466 286
165 54
252 450
38 360
117 352
383 122
281 307
219 237
172 73
228 136
397 345
86 110
480 365
193 431
458 156
414 423
441 79
477 44
28 366
255 496
69 137
117 349
444 187
85 467
259 312
454 155
8 40
116 339
256 161
269 213
316 35
488 109
465 316
4 344
181 259
339 102
395 455
450 190
157 251
50 110
405 410
1 372
248 256
32 369
321 200
403 308
160 367
475 163
421 400
108 168
206 58
357 198
296 365
448 345
327 204
254 327
75 354
435 459
222 255
158 476
414 317
342 388
331 403
394 252
302 2
271 359
411 479
56 206
344 3
402 22
58 8
348 132
361 134
90 82
240 99
57 153
267 250
392 98
4 138
201 157
491 471
15 253
449 70
458 144
424 211
165 481
218 365
464 78
498 406
11 90
4 419
242 123
20 486
220 23
475 420
179 465
242 193
217 42
114 26
186 37
236 202
369 454
418 333
383 268
90 246
357 445
164 450
67 36
435 286
58 409
57 89
225 150
133 293
192 247
318 229
135 406
430 356
359 200
40 93
467 129
338 323
73 354
272 492
389 59
129 298
319 186
238 396
187 371
188 378
469 358
458 455
263 240
162 473
439 201
65 405
181 255
79 106
460 202
97 200
260 225
497 431
262 87
326 449
309 13
178 277
370 136
83 132
104 165
445 21
69 478
275 147
83 234
348 179
433 460
255 281
390 369
219 215
317 27
79 346
303 449
333 238
432 207
482 36
223 278
255 34
289 337
119 489
367 403
300 474
35 189
342 254
255 10
280 333
355 435
133 188
172 65
246 153
452 469
282 359
111 37
392 252
225 10
92 444
264 391
269 298
431 110
51 185
119 331
369 325
265 2
12 288
66 110
440 17
78 73
227 40
461 470
291 38
479 382
481 242
124 249
39 54
210 442
90 328
272 311
152 388
312 16
175 229
125 466
97 54
38 323
445 499
292 88
388 122
321 368
215 445
468 105
350 29
46 440
356 169
102 359
408 413
226 82
493 202
399 441
107 289
263 52
287 406
139 26
379 311
393 445
255 212
49 105
240 447
396 447
467 349
157 375
261 235
308 105
436 207
45 43
495 159
446 133
416 436
158 294
246 402
90 1
465 490
457 56
288 204
354 255
52 362
481 164
96 288
120 384
346 164
426 192
174 223
176 89
158 185
234 403
438 175
255 402
164 63
309 452
118 14
206 21
376 186
184 323
325 155
206 23
170 483
214 343
205 390
283 214
426 368
469 364
42 75
265 206
138 426
157 107
439 214
128 166
251 163
489 75
318 194
449 487
29 163
182 233
404 464
299 329
332 267
192 373
341 309
78 330
86 86
437 24
299 416
190 49
78 30
476 247
223 424
234 251
438 415
336 341
230 134
22 61
252 65
434 444
225 363
274 310
449 62
186 99
329 227
500 258
256 475
5 330
250 90
433 188
356 120
380 85
105 253
146 356
170 431
299 394
145 424
56 445
337 241
44 165
467 395
423 74
369 427
255 470
16 187
9 371
306 241
307 410
493 452
117 162
234 416
408 231
191 463
175 28
203 70
192 21
464 114
446 184
392 200
154 259
387 14
481 44
254 288
306 247
91 422
260 177
189 167
407 380
129 81
259 183
3 450
55 466
416 500
2 307
52 7
418 290
20 398
333 274
37 490
372 128
264 131
304 304
150 62
35 278
494 293
95 367
314 10
219 315
321 85
59 340
335 243
465 371
85 336
350 348
467 5
3 116
66 38
245 60
330 57
55 424
276 368
285 346
34 453
115 354
389 25
46 75
119 10
446 55
346 147
254 164
152 257
279 69
294 375
128 123
284 35
399 59
254 183
256 288
487 370
493 228
246 38
302 216
48 99
123 393
408 249
132 38
317 425
412 445
400 195
331 298
332 360
223 319
81 216
46 178
105 199
246 152
298 368
243 303
291 227
340 459
151 104
403 402
150 85
51 107
21 383
318 243
53 251
310 450
428 415
148 25
418 445
244 166
339 487
320 481
65 12
440 215
115 194
469 264
279 19
222 151
253 40
393 305
290 55
254 69
321 402
94 238
198 189
255 389
175 75
369 91
86 160
306 200
206 126
315 336
144 37
486 397
428 378
53 217
284 307
137 104
60 82
194 257
271 448
497 297
22 366
388 459
377 45
158 82
417 165
213 402
61 492
132 114
208 415
272 196
371 331
278 64
439 400
363 436
196 237
153 83
195 29
479 205
463 148
381 379
313 93
133 225
84 264
190 143
30 313
338 400
143 467
315 434
366 178
369 414
414 21
496 108
401 327
164 363
474 44
94 138
136 78
215 71
193 256
69 255
474 211
221 140
144 439
317 364
352 82
236 199
42 137
25 205
351 351
249 296
488 236
225 54
159 417
310 223
491 378
477 316
440 50
455 84
488 272
299 339
205 35
389 246
23 414
451 373
116 51
21 103
138 245
162 318
371 4
195 347
319 134
396 273
69 235
396 368
425 101
254 314
346 276
79 148
500 194
50 20
148 188
117 156
335 130
325 205
133 371
404 451
357 299
75 277
386 471
144 310
71 249
475 268
24 405
268 24
98 317
395 98
356 11
105 191
140 282
395 272
152 298
74 8
449 149
285 334
471 280
495 41
381 470
160 404
374 427
427 324
244 174
273 99
184 377
141 324
158 36
447 162
185 21
21 133
21 157
318 491
289 313
383 169
134 42
