600
102 367
320 35
52 348
47 167
202 442
242 23
62 408
237 208
32 264
277 273
457 359
177 140
454 145
282 24
479 319
443 433
37 114
467 88
313 365
106 14
159 347
388 220
107 476
279 138
240 408
410 196
266 87
187 71
83 468
94 61
286 388
493 322
2 312
262 314
28 367
328 186
66 67
258 172
43 36
309 282
443 219
329 60
157 15
131 239
483 76
151 120
464 496
294 465
307 407
278 334
125 457
20 190
24 277
361 418
164 170
51 459
240 379
18 396
245 500
486 79
76 136
199 391
131 344
207 289
102 484
475 226
293 346
416 168
474 128
85 137
297 135
95 388
365 465
135 109
464 120
188 391
256 238
281 238
433 339
27 34
323 1
259 467
198 26
134 171
154 218
307 302
204 254
190 68
218 324
28 33
296 215
424 51
452 56
288 384
395 166
269 69
18 28
35 215
405 20
385 58
89 44
212 292
149 253
211 218
428 238
250 223
305 173
125 108
81 413
344 475
430 112
395 448
139 281
14 396
300 251
453 388
146 16
31 294
268 241
363 196
330 112
418 134
285 43
242 365
307 85
191 88
196 437
387 187
217 401
82 16
3 386
255 148
402 285
293 21
377 155
216 206
118 486
192 402
380 285
118 186
369 160
125 416
96 12
102 164
264 35
179 266
273 285
265 26
421 409
46 297
415 262
355 32
99 398
286 478
182 255
15 50
415 139
465 362
150 419
26 265
305 56
30 77
341 146
454 261
54 500
410 320
113 116
352 211
13 489
188 194
243 54
95 9
192 411
371 194
329 248
458 486
303 340
414 495
485 368
108 391
367 17
210 479
484 413
41 496
401 228
189 144
133 283
4 324
193 374
369 374
121 327
211 276
18 476
270 2
343 377
244 61
245 454
391 228
218 431
223 119
10 263
114 142
397 117
318 442
343 186
167 463
364 377
238 381
352 360
235 47
236 478
107 333
431 350
60 149
280 135
119 142
249 232
283 146
200 452
87 42
138 105
357 1
481 446
234 184
305 468
230 393
445 189
225 228
38 136
376 317
122 346
310 371
429 93
16 128
44 454
22 33
58 378
386 390
323 119
73 480
86 155
224 382
343 300
109 380
435 336
48 409
181 358
279 109
302 146
89 197
451 110
82 360
339 467
249 13
85 173
492 22
327 67
403 21
366 364
252 153
199 300
61 380
9 339
340 162
336 428
358 286
389 291
145 227
257 245
240 193
417 83
214 96
150 469
116 367
332 368
19 30
19 431
261 379
269 101
40 456
380 249
241 269
40 385
347 148
129 438
341 398
373 406
345 374
226 312
240 57
31 111
439 49
41 51
279 162
3 318
117 235
419 358
3 458
94 201
457 75
139 297
324 11
203 168
384 280
479 475
189 10
85 127
410 478
29 189
139 32
358 107
118 276
316 120
85 410
172 42
336 310
190 159
172 244
326 407
24 156
382 212
165 318
190 427
295 218
467 433
101 324
40 218
452 355
189 36
116 361
429 451
22 119
461 46
362 138
452 385
294 185
448 310
3 137
88 297
355 54
82 307
378 473
25 329
179 65
216 295
277 497
97 299
467 410
196 180
47 499
417 340
184 364
2 186
1 89
334 207
143 415
13 372
387 389
52 66
454 119
212 230
115 160
380 433
69 75
74 29
307 109
392 160
294 392
249 479
450 243
394 463
114 132
351 165
49 156
283 112
386 250
272 117
182 192
44 294
159 469
174 318
77 418
477 222
161 77
200 111
319 445
73 284
429 275
448 477
431 83
441 168
184 212
284 217
255 179
363 414
147 36
231 75
453 207
296 114
284 348
224 454
144 148
238 72
422 37
401 352
471 193
19 154
256 155
371 10
333 233
423 480
120 5
406 73
212 202
38 347
401 113
300 44
112 389
468 33
426 220
237 396
412 107
402 167
261 272
176 446
356 451
277 475
455 182
399 18
235 288
364 135
400 16
31 11
256 350
396 181
421 484
429 332
90 330
350 203
453 377
148 308
179 424
134 134
105 33
151 340
320 367
326 72
234 356
434 341
57 329
22 477
164 302
160 254
483 9
456 435
238 103
94 416
26 79
401 482
111 404
173 283
270 499
206 355
206 139
195 263
320 68
91 483
221 251
236 203
111 43
489 348
145 434
264 22
13 164
356 475
67 28
109 188
378 314
394 436
305 441
198 124
360 140
458 81
390 46
135 1
88 476
348 85
409 463
458 273
479 165
100 397
193 208
437 422
22 330
357 178
122 406
301 482
46 110
414 287
155 400
287 95
375 487
179 136
301 488
260 279
153 359
176 197
67 112
118 440
293 327
469 415
232 269
248 129
230 161
416 385
412 202
331 139
40 361
274 341
348 385
471 352
244 146
48 162
109 18
453 254
344 273
168 427
393 415
56 122
427 471
358 338
24 188
328 416
400 453
256 248
338 226
451 433
224 499
446 184
368 250
437 211
22 104
489 414
370 44
35 148
366 245
338 242
432 165
157 332
118 264
431 455
341 381
239 416
231 184
100 98
285 36
160 306
492 149
219 213
44 105
213 262
349 50
3 133
66 11
316 183
126 246
489 318
478 227
234 209
262 185
158 46
220 318
203 63
466 273
128 361
378 340
122 78
241 124
62 306
486 377
341 463
474 181
281 304
408 366
12 21
50 21
419 121
338 121
184 155
246 163
16 475
354 137
52 446
113 466
251 450
342 443
413 168
124 45
471 383
410 334
